0.00007841115180825719 0.00003073076993186249
0.00007841115180825719 0.00003073076993186249
0.00007841115180825719 0.00003073076993186249
0.00007841115180825719 0.00003073076993186249
0.00007841115180825719 0.00003073076993186249
0.00007841115180825719 0.00003073076993186249
0.00007841115180825719 0.00003073076993186249
0.00007841115180825719 0.00003073076993186249
0.00007841115180825719 0.00003073076993186249
0.00007841115180825719 0.00003073076993186249
0.00007841115180825719 0.00003073076993186249
0.00025315600440951603 0.00009921648578001320
0.00053575619643682663 0.00020997268924872575
0.00064649194552114078 0.00025337206229535602
0.00064649194552114078 0.00025337206229535602
0.00058824366132072118 0.00023054349034597250
0.00018914690089257141 0.00007413014297849280
0.00007841115180825719 0.00003073076993186249
0.00007841115180825719 0.00003073076993186249
0.00007841115180825719 0.00003073076993186249
0.00007841115180825719 0.00003073076993186249
0.00007841115180825719 0.00003073076993186249
0.00007841115180825719 0.00003073076993186249
0.00007841115180825719 0.00003073076993186249
0.00007841115180825719 0.00003073076993186249
0.00025315600440951603 0.00009921648578001320
0.00036965257281035529 0.00014487362967878034
0.00036965257281035529 0.00014487362967878034
0.00036965257281035529 0.00014487362967878034
0.00031140428860993558 0.00012204505772939674
0.00007841115180825719 0.00003073076993186249
0.00024451477543472851 0.00009582982950180792
0.00035525052451904272 0.00013922920254843827
0.00035525052451904272 0.00013922920254843827
0.00035525052451904272 0.00013922920254843827
0.00018914690089257141 0.00007413014297849280
0.00007841115180825719 0.00003073076993186249
0.00007841115180825719 0.00003073076993186249
0.00019490772020909640 0.00007638791383062963
0.00036965257281035529 0.00014487362967878034
0.00036965257281035529 0.00014487362967878034
0.00036965257281035529 0.00014487362967878034
0.00036965257281035529 0.00014487362967878034
0.00007841115180825719 0.00003073076993186249
0.00007841115180825719 0.00003073076993186249
0.00007841115180825719 0.00003073076993186249
0.00007841115180825719 0.00003073076993186249
0.00007841115180825719 0.00003073076993186249
0.00007841115180825719 0.00003073076993186249
0.00018914690089257141 0.00007413014297849280
0.00035525052451904272 0.00013922920254843827
0.00035525052451904272 0.00013922920254843827
0.00035525052451904272 0.00013922920254843827
0.00024451477543472851 0.00009582982950180792
0.00025315600440951603 0.00009921648578001320
0.00036965257281035529 0.00014487362967878034
0.00036965257281035529 0.00014487362967878034
0.00036965257281035529 0.00014487362967878034
0.00031140428860993558 0.00012204505772939674
0.00007841115180825719 0.00003073076993186249
0.00007841115180825719 0.00003073076993186249
0.00007841115180825719 0.00003073076993186249
0.00007841115180825719 0.00003073076993186249
0.00007841115180825719 0.00003073076993186249
0.00007841115180825719 0.00003073076993186249
0.00007841115180825719 0.00003073076993186249
0.00007841115180825719 0.00003073076993186249
0.00007841115180825719 0.00003073076993186249
0.00007841115180825719 0.00003073076993186249
0.00007841115180825719 0.00003073076993186249
0.00007841115180825719 0.00003073076993186249
0.00007841115180825719 0.00003073076993186249
0.00007841115180825719 0.00003073076993186249
0.00007841115180825719 0.00003073076993186249
0.00007841115180825719 0.00003073076993186249
0.00031140428860993558 0.00012204505772939674
0.00036965257281035529 0.00014487362967878034
0.00036965257281035529 0.00014487362967878034
0.00036965257281035529 0.00014487362967878034
0.00025315600440951603 0.00009921648578001320
0.00015522207602859070 0.00006083438129368697
0.00017442480708367410 0.00006836028413414310
0.00020642935884214645 0.00008090345553490330
0.00025443618647985486 0.00009971821263604359
0.00047334732050780556 0.00018551350501724335
0.00066089399381245330 0.00025901648942569815
0.00075242701184168417 0.00029488995963187229
0.00093293268375946802 0.00036563344633215990
0.00088492585612175948 0.00034681868923101952
0.00085292130436328694 0.00033427551783025934
0.00085292130436328694 0.00033427551783025934
0.00114416272536538516 0.00044841837757717717
0.00036965257281035529 0.00014487362967878034
0.00036965257281035529 0.00014487362967878034
0.00036965257281035529 0.00014487362967878034
0.00019490772020909640 0.00007638791383062963
0.00007841115180825719 0.00003073076993186249
0.00007841115180825719 0.00003073076993186249
0.00013377902635041428 0.00005243045645517764
0.00035525052451904272 0.00013922920254843827
0.00035525052451904272 0.00013922920254843827
0.00035525052451904272 0.00013922920254843827
0.00029988264997688564 0.00011752951602512310
0.00007841115180825719 0.00003073076993186249
0.00007841115180825719 0.00003073076993186249
0.00007841115180825719 0.00003073076993186249
0.00030084278652963971 0.00011790581116714588
0.00899999999999999932 0.00352726522960777628
0.00059208420753173788 0.00023204867091406370
0.00059208420753173788 0.00023204867091406370
0.00059208420753173788 0.00023204867091406370
0.00041733935493047897 0.00016356295506591301
0.00034788947761459408 0.00013634427312626341
0.00055687920059741827 0.00021825118237322745
0.00058248284200419613 0.00022828571949383563
0.00244642793641762415 0.00095880002187410962
0.00050151132605526130 0.00019655149584991242
0.00028003982788663272 0.00010975274975665174
0.00037605348316204965 0.00014738226395893237
0.00037605348316204965 0.00014738226395893237
0.00033764802105188296 0.00013233045827802011
0.00028003982788663272 0.00010975274975665174
0.00028003982788663272 0.00010975274975665174
0.00028003982788663272 0.00010975274975665174
0.00028003982788663272 0.00010975274975665174
0.00216958856370683822 0.00085030158925753396
0.00028003982788663272 0.00010975274975665174
0.00050151132605526130 0.00019655149584991242
0.00055687920059741827 0.00021825118237322745
0.00055687920059741827 0.00021825118237322745
0.00055687920059741827 0.00021825118237322745
0.00035461043348387325 0.00013897833912042301
0.00037605348316204965 0.00014738226395893237
0.00037605348316204965 0.00014738226395893237
0.00037605348316204965 0.00014738226395893237
0.00035685075210696631 0.00013985636111847624
0.00028003982788663272 0.00010975274975665174
0.00028003982788663272 0.00010975274975665174
0.00028003982788663272 0.00010975274975665174
0.00028003982788663272 0.00010975274975665174
0.00028003982788663272 0.00010975274975665174
0.00045478468048789174 0.00017823846560480246
0.00057128124888873089 0.00022389560950356960
0.00057128124888873089 0.00022389560950356960
0.00187354645994096923 0.00073427725380050229
0.00390711567867430172 0.00153127036460480549
0.00367412254187262158 0.00143995607680727110
0.00556367127769282713 0.00218050491630815326
0.00361875466733046483 0.00141825639028395610
0.00339728316916183739 0.00133145764419069566
0.00028003982788663272 0.00010975274975665174
0.00028003982788663272 0.00010975274975665174
0.00028003982788663272 0.00010975274975665174
0.00028003982788663272 0.00010975274975665174
0.00028003982788663272 0.00010975274975665174
0.00028003982788663272 0.00010975274975665174
0.00028003982788663272 0.00010975274975665174
0.00033540770242878991 0.00013145243627996691
0.00062856939653639621 0.00024634788631093036
0.00064649194552114078 0.00025337206229535602
0.00064649194552114078 0.00025337206229535602
0.00059112407097898370 0.00023167237577204088
0.00025315600440951603 0.00009921648578001320
0.00007841115180825719 0.00003073076993186249
0.00007841115180825719 0.00003073076993186249
0.00007841115180825719 0.00003073076993186249
0.00007841115180825719 0.00003073076993186249
0.00007841115180825719 0.00003073076993186249
0.00007841115180825719 0.00003073076993186249
0.00007841115180825719 0.00003073076993186249
0.00007841115180825719 0.00003073076993186249
0.00025315600440951603 0.00009921648578001320
0.00036965257281035529 0.00014487362967878034
0.00036965257281035529 0.00014487362967878034
0.00036965257281035529 0.00014487362967878034
0.00031140428860993558 0.00012204505772939674
0.00013377902635041428 0.00005243045645517764
0.00035525052451904272 0.00013922920254843827
0.00035525052451904272 0.00013922920254843827
0.00035525052451904272 0.00013922920254843827
0.00029988264997688564 0.00011752951602512310
0.00007841115180825719 0.00003073076993186249
0.00007841115180825719 0.00003073076993186249
0.00022563208989722979 0.00008842935837535941
0.00026243732441947286 0.00010285400548623362
0.00027491909960527719 0.00010774584233253014
0.00045798513566373876 0.00017949278274487847
0.00057448170406457796 0.00022514992664364561
0.00057448170406457796 0.00022514992664364561
0.00057448170406457796 0.00022514992664364561
0.00051623341986415847 0.00020232135469426204
0.00028324028306248001 0.00011100706689672777
0.00028324028306248001 0.00011100706689672777
0.00028324028306248001 0.00011100706689672777
0.00090668895131752086 0.00035534804578353654
0.00340048362433768413 0.00133271196133077138
0.00349969773478894840 0.00137159579267312785
0.00341360549055865631 0.00133785466160508287
0.00342192667401586010 0.00134111588616928090
0.00349969773478894840 0.00137159579267312785
0.00111631876533551419 0.00043750581845851578
0.00049767077984424449 0.00019504631528182112
0.00034916965968493296 0.00013684599998229380
0.00054023683368301263 0.00021172873324483215
0.00059848511788343224 0.00023455730519421569
0.00367796308808363915 0.00144146125737536234
0.00648060168557305829 0.00253986677693993296
0.00075882792219337874 0.00029739859391202437
0.00058408306959211972 0.00022891287806387371
0.00030724369688133423 0.00012041444544729793
0.00014338039187795597 0.00005619340787540570
0.00010241456562711143 0.00004013814848243265
0.00010241456562711143 0.00004013814848243265
0.00010241456562711143 0.00004013814848243265
0.00012801820703388925 0.00005017268560304080
0.00010241456562711143 0.00004013814848243265
0.00008801251733579887 0.00003449372135209056
0.00007841115180825719 0.00003073076993186249
0.00007841115180825719 0.00003073076993186249
0.00007841115180825719 0.00003073076993186249
0.00024451477543472851 0.00009582982950180792
0.00037605348316204965 0.00014738226395893237
0.00041797944596564849 0.00016381381849392827
0.00049255005156288896 0.00019303940785769948
0.00050119128053767643 0.00019642606413590474
0.00039045553145336222 0.00015302669108927444
0.00039045553145336222 0.00015302669108927444
0.00042886099356352896 0.00016807849677018670
0.00019522776572668111 0.00007651334554463722
0.00013761957256143095 0.00005393563702326886
0.00009921411045126420 0.00003888383134235662
0.00009921411045126420 0.00003888383134235662
0.00014114007325486292 0.00005531538587735249
0.00028804096582625083 0.00011288854260684179
0.00028804096582625083 0.00011288854260684179
0.00032484620034849403 0.00012731318971771606
0.00047206713843746663 0.00018501177816121291
0.00098189964794993074 0.00038482449857532298
0.00104014793215035034 0.00040765307052470658
0.00104014793215035034 0.00040765307052470658
0.00104014793215035034 0.00040765307052470658
0.00066345435795313117 0.00026001994313775887
0.00049287009708047361 0.00019316483957170709
0.00038245439351374417 0.00014989089823908442
0.00030884392446925787 0.00012104160401733595
0.00030884392446925787 0.00012104160401733595
0.00041925962803598737 0.00016431554534995866
0.00050567191778386254 0.00019818210813201114
0.00059752498133067817 0.00023418101005219299
0.00075690764908787028 0.00029664600362797874
0.00127058070481135088 0.00049796390461017998
0.00162903168450624115 0.00063844742429869426
0.00154261939475836560 0.00060458086151664173
0.00141076064151345959 0.00055290299534550965
0.00120305110060097429 0.00047149781295457587
0.00089964794993065676 0.00035258854807536919
0.00108015362184844094 0.00042333203477565681
0.00118128800540521291 0.00046296845640205901
0.00115056363571708017 0.00045092701185732930
0.00105743039009992506 0.00041442638308111709
0.00113808186053127578 0.00044603517501103280
0.00116016500124462149 0.00045468996327755731
0.00091533018029230843 0.00035873470206174168
0.00110575726325521837 0.00043336657189626485
0.00035525052451904272 0.00013922920254843827
0.00041349880871946232 0.00016205777449782179
0.00117456704953593422 0.00046033439040789944
0.00096493723551794024 0.00037817661773291997
0.00106095089079335722 0.00041580613193520062
0.00111855908395860773 0.00043838384045656896
0.00084716048504676210 0.00033201774697812247
0.00085292130436328694 0.00033427551783025934
0.00092653177340777356 0.00036312481205200782
0.00093293268375946802 0.00036563344633215990
0.00088492585612175948 0.00034681868923101952
0.00096173678034209317 0.00037692230059284399
0.00092333131823192638 0.00036187049491193178
0.00090092813200099559 0.00035309027493139961
0.00007841115180825719 0.00003073076993186249
0.00007841115180825719 0.00003073076993186249
0.00024451477543472851 0.00009582982950180792
0.00035525052451904272 0.00013922920254843827
0.00041349880871946232 0.00016205777449782179
0.00064649194552114078 0.00025337206229535602
0.00048038832189466950 0.00018827300272541064
0.00036965257281035529 0.00014487362967878034
0.00036965257281035529 0.00014487362967878034
0.00013665943600867680 0.00005355934188124607
