0.00017603249830737985 0.00006899036784006784
0.00017603249830737985 0.00006899036784006784
0.00017603249830737985 0.00006899036784006784
0.00017603249830737985 0.00006899036784006784
0.00017603249830737985 0.00006899036784006784
0.00017603249830737985 0.00006899036784006784
0.00017603249830737985 0.00006899036784006784
0.00017603249830737985 0.00006899036784006784
0.00020311442112389987 0.00007960427058469367
0.00046716316858496948 0.00018308982234479544
0.00099526066350710926 0.00039006092586499894
0.00116452268111035873 0.00045639781801891025
0.00105348679756262702 0.00041288081676594450
0.00122207176709546346 0.00047895236135124021
0.00122207176709546346 0.00047895236135124021
0.00122207176709546346 0.00047895236135124021
0.00134732566012186854 0.00052804166154513457
0.00137440758293838877 0.00053865556428976051
0.00017603249830737985 0.00006899036784006784
0.00017603249830737985 0.00006899036784006784
0.00017603249830737985 0.00006899036784006784
0.00017603249830737985 0.00006899036784006784
0.00017603249830737985 0.00006899036784006784
0.00017603249830737985 0.00006899036784006784
0.00017603249830737985 0.00006899036784006784
0.00017603249830737985 0.00006899036784006784
0.00017603249830737985 0.00006899036784006784
0.00017603249830737985 0.00006899036784006784
0.00017603249830737985 0.00006899036784006784
0.00017603249830737985 0.00006899036784006784
0.00017603249830737985 0.00006899036784006784
0.00017603249830737985 0.00006899036784006784
0.00017603249830737985 0.00006899036784006784
0.00017603249830737985 0.00006899036784006784
0.00017603249830737985 0.00006899036784006784
0.00017603249830737985 0.00006899036784006784
0.00017603249830737985 0.00006899036784006784
0.00017603249830737985 0.00006899036784006784
0.00017603249830737985 0.00006899036784006784
0.00017603249830737985 0.00006899036784006784
0.00017603249830737985 0.00006899036784006784
0.00017603249830737985 0.00006899036784006784
0.00017603249830737985 0.00006899036784006784
0.00017603249830737985 0.00006899036784006784
0.00017603249830737985 0.00006899036784006784
0.00017603249830737985 0.00006899036784006784
0.00017603249830737985 0.00006899036784006784
0.00017603249830737985 0.00006899036784006784
0.00017603249830737985 0.00006899036784006784
0.00017603249830737985 0.00006899036784006784
0.00017603249830737985 0.00006899036784006784
0.00017603249830737985 0.00006899036784006784
0.00017603249830737985 0.00006899036784006784
0.00017603249830737985 0.00006899036784006784
0.00017603249830737985 0.00006899036784006784
0.00017603249830737985 0.00006899036784006784
0.00017603249830737985 0.00006899036784006784
0.00017603249830737985 0.00006899036784006784
0.00017603249830737985 0.00006899036784006784
0.00017603249830737985 0.00006899036784006784
0.00017603249830737985 0.00006899036784006784
0.00017603249830737985 0.00006899036784006784
0.00017603249830737985 0.00006899036784006784
0.00017603249830737985 0.00006899036784006784
0.00017603249830737985 0.00006899036784006784
0.00017603249830737985 0.00006899036784006784
0.00017603249830737985 0.00006899036784006784
0.00017603249830737985 0.00006899036784006784
0.00017603249830737985 0.00006899036784006784
0.00017603249830737985 0.00006899036784006784
0.00017603249830737985 0.00006899036784006784
0.00017603249830737985 0.00006899036784006784
0.00017603249830737985 0.00006899036784006784
0.00017603249830737985 0.00006899036784006784
0.00017603249830737985 0.00006899036784006784
0.00017603249830737985 0.00006899036784006784
0.00017603249830737985 0.00006899036784006784
0.00017603249830737985 0.00006899036784006784
0.00017603249830737985 0.00006899036784006784
0.00017603249830737985 0.00006899036784006784
0.00017603249830737985 0.00006899036784006784
0.00017603249830737985 0.00006899036784006784
0.00017603249830737985 0.00006899036784006784
0.00017603249830737985 0.00006899036784006784
0.00091740013540961415 0.00035954595547419977
0.00097156398104265406 0.00038077376096345132
0.00100541638456330424 0.00039404113939423371
0.00100541638456330424 0.00039404113939423371
0.00103249830737982425 0.00040465504213885932
0.00101895734597156392 0.00039934809076654651
0.00017603249830737985 0.00006899036784006784
0.00017603249830737985 0.00006899036784006784
0.00017603249830737985 0.00006899036784006784
0.00017603249830737985 0.00006899036784006784
0.00087000677048070429 0.00034097162567110458
0.00078605280974949226 0.00030806852716276444
0.00076506431956668939 0.00029984275253567953
0.00076506431956668939 0.00029984275253567953
0.00075490859851049430 0.00029586253900644482
0.00071428571428571439 0.00027994168488950608
0.00071428571428571439 0.00027994168488950608
0.00071428571428571439 0.00027994168488950608
0.00073459715639810435 0.00028790211194797545
0.00484969532836831540 0.00190068463399386926
0.00032159783344617472 0.00012604009509243163
0.00437914691943127980 0.00171626807380599535
0.00028097494922139471 0.00011011924097549288
0.00022681110358835479 0.00008889143548624125
0.00022681110358835479 0.00008889143548624125
0.00022681110358835479 0.00008889143548624125
0.00022681110358835479 0.00008889143548624125
0.00022681110358835479 0.00008889143548624125
0.00022681110358835479 0.00008889143548624125
0.00022681110358835479 0.00008889143548624125
0.00020649966147596479 0.00008093100842777187
0.00017603249830737985 0.00006899036784006784
0.00017603249830737985 0.00006899036784006784
0.00017603249830737985 0.00006899036784006784
0.00017603249830737985 0.00006899036784006784
0.00017603249830737985 0.00006899036784006784
0.00017603249830737985 0.00006899036784006784
0.00027691266079891676 0.00010852715556379904
0.00068043331076506443 0.00026667430645872380
0.00068043331076506443 0.00026667430645872380
0.00068043331076506443 0.00026667430645872380
0.00068043331076506443 0.00026667430645872380
0.00027691266079891676 0.00010852715556379904
0.00017603249830737985 0.00006899036784006784
0.00426066350710900456 0.00166983224929825739
0.00017603249830737985 0.00006899036784006784
0.00017603249830737985 0.00006899036784006784
0.00017603249830737985 0.00006899036784006784
0.00017603249830737985 0.00006899036784006784
0.00017603249830737985 0.00006899036784006784
0.00017603249830737985 0.00006899036784006784
0.00017603249830737985 0.00006899036784006784
0.00017603249830737985 0.00006899036784006784
0.00017603249830737985 0.00006899036784006784
0.00017603249830737985 0.00006899036784006784
0.00017603249830737985 0.00006899036784006784
0.00017603249830737985 0.00006899036784006784
0.00017603249830737985 0.00006899036784006784
0.00017603249830737985 0.00006899036784006784
0.00017603249830737985 0.00006899036784006784
0.00017603249830737985 0.00006899036784006784
0.00017603249830737985 0.00006899036784006784
0.00017603249830737985 0.00006899036784006784
0.00017603249830737985 0.00006899036784006784
0.00017603249830737985 0.00006899036784006784
0.00017603249830737985 0.00006899036784006784
0.00017603249830737985 0.00006899036784006784
0.00017603249830737985 0.00006899036784006784
0.00017603249830737985 0.00006899036784006784
0.00017603249830737985 0.00006899036784006784
0.00017603249830737985 0.00006899036784006784
0.00017603249830737985 0.00006899036784006784
0.00017603249830737985 0.00006899036784006784
0.00017603249830737985 0.00006899036784006784
0.00017603249830737985 0.00006899036784006784
0.00017603249830737985 0.00006899036784006784
0.00017603249830737985 0.00006899036784006784
0.00017603249830737985 0.00006899036784006784
0.00017603249830737985 0.00006899036784006784
0.00017603249830737985 0.00006899036784006784
0.00017603249830737985 0.00006899036784006784
0.00017603249830737985 0.00006899036784006784
0.00017603249830737985 0.00006899036784006784
0.00017603249830737985 0.00006899036784006784
0.00017603249830737985 0.00006899036784006784
0.00017603249830737985 0.00006899036784006784
0.00017603249830737985 0.00006899036784006784
0.00017603249830737985 0.00006899036784006784
0.00017603249830737985 0.00006899036784006784
0.00017603249830737985 0.00006899036784006784
0.00017603249830737985 0.00006899036784006784
0.00017603249830737985 0.00006899036784006784
0.00017603249830737985 0.00006899036784006784
0.00017603249830737985 0.00006899036784006784
0.00017603249830737985 0.00006899036784006784
0.00017603249830737985 0.00006899036784006784
0.00017603249830737985 0.00006899036784006784
0.00018618821936357486 0.00007297058136930253
0.00022681110358835479 0.00008889143548624125
0.00022681110358835479 0.00008889143548624125
0.00033175355450236970 0.00013002030862166634
0.00033175355450236970 0.00013002030862166634
0.00033175355450236970 0.00013002030862166634
0.00036560595802301971 0.00014328768705244865
0.00017603249830737985 0.00006899036784006784
0.00017603249830737985 0.00006899036784006784
0.00017603249830737985 0.00006899036784006784
0.00017603249830737985 0.00006899036784006784
0.00017603249830737985 0.00006899036784006784
0.00017603249830737985 0.00006899036784006784
0.00017603249830737985 0.00006899036784006784
0.00017603249830737985 0.00006899036784006784
0.00017603249830737985 0.00006899036784006784
0.00017603249830737985 0.00006899036784006784
0.00076844955991875420 0.00030116949037875768
0.00076844955991875420 0.00030116949037875768
0.00076844955991875420 0.00030116949037875768
0.00076844955991875420 0.00030116949037875768
0.00076844955991875420 0.00030116949037875768
0.00075829383886255933 0.00029718927684952302
0.00071767095463777931 0.00028126842273258428
0.00071767095463777931 0.00028126842273258428
0.00535206499661475960 0.00209757252990667824
0.00899999999999999932 0.00352726522960777628
0.00487339201083276854 0.00190997179889541673
0.00485240352064996751 0.00190174602426833187
0.00491536899119837493 0.00192642334814958644
0.00491536899119837493 0.00192642334814958644
0.00017603249830737985 0.00006899036784006784
0.00017603249830737985 0.00006899036784006784
0.00017603249830737985 0.00006899036784006784
0.00017603249830737985 0.00006899036784006784
0.00017603249830737985 0.00006899036784006784
0.00017603249830737985 0.00006899036784006784
0.00017603249830737985 0.00006899036784006784
0.00017603249830737985 0.00006899036784006784
0.00017603249830737985 0.00006899036784006784
0.00017603249830737985 0.00006899036784006784
0.00017603249830737985 0.00006899036784006784
0.00017603249830737985 0.00006899036784006784
0.00017603249830737985 0.00006899036784006784
0.00017603249830737985 0.00006899036784006784
0.00017603249830737985 0.00006899036784006784
0.00017603249830737985 0.00006899036784006784
0.00017603249830737985 0.00006899036784006784
0.00017603249830737985 0.00006899036784006784
0.00017603249830737985 0.00006899036784006784
0.00017603249830737985 0.00006899036784006784
0.00017603249830737985 0.00006899036784006784
0.00017603249830737985 0.00006899036784006784
0.00017603249830737985 0.00006899036784006784
0.00017603249830737985 0.00006899036784006784
0.00017603249830737985 0.00006899036784006784
0.00017603249830737985 0.00006899036784006784
0.00017603249830737985 0.00006899036784006784
0.00017603249830737985 0.00006899036784006784
0.00017603249830737985 0.00006899036784006784
0.00017603249830737985 0.00006899036784006784
0.00017603249830737985 0.00006899036784006784
0.00017603249830737985 0.00006899036784006784
0.00017603249830737985 0.00006899036784006784
0.00017603249830737985 0.00006899036784006784
0.00017603249830737985 0.00006899036784006784
0.00017603249830737985 0.00006899036784006784
0.00017603249830737985 0.00006899036784006784
0.00017603249830737985 0.00006899036784006784
0.00017603249830737985 0.00006899036784006784
0.00017603249830737985 0.00006899036784006784
0.00017603249830737985 0.00006899036784006784
0.00017603249830737985 0.00006899036784006784
0.00017603249830737985 0.00006899036784006784
0.00017603249830737985 0.00006899036784006784
0.00017603249830737985 0.00006899036784006784
0.00017603249830737985 0.00006899036784006784
0.00017603249830737985 0.00006899036784006784
0.00017603249830737985 0.00006899036784006784
0.00017603249830737985 0.00006899036784006784
0.00017603249830737985 0.00006899036784006784
0.00017603249830737985 0.00006899036784006784
0.00017603249830737985 0.00006899036784006784
0.00017603249830737985 0.00006899036784006784
0.00017603249830737985 0.00006899036784006784
0.00017603249830737985 0.00006899036784006784
0.00017603249830737985 0.00006899036784006784
0.00017603249830737985 0.00006899036784006784
0.00017603249830737985 0.00006899036784006784
0.00017603249830737985 0.00006899036784006784
0.00017603249830737985 0.00006899036784006784
0.00017603249830737985 0.00006899036784006784
0.00017603249830737985 0.00006899036784006784
0.00017603249830737985 0.00006899036784006784
0.00017603249830737985 0.00006899036784006784
0.00017603249830737985 0.00006899036784006784
0.00017603249830737985 0.00006899036784006784
0.00017603249830737985 0.00006899036784006784
0.00017603249830737985 0.00006899036784006784
0.00017603249830737985 0.00006899036784006784
0.00017603249830737985 0.00006899036784006784
0.00017603249830737985 0.00006899036784006784
0.00017603249830737985 0.00006899036784006784
0.00017603249830737985 0.00006899036784006784
0.00017603249830737985 0.00006899036784006784
0.00017603249830737985 0.00006899036784006784
0.00017603249830737985 0.00006899036784006784
