0.00036028257456828885 0.00014120135534536623
0.00036028257456828885 0.00014120135534536623
0.00036028257456828885 0.00014120135534536623
0.00036028257456828885 0.00014120135534536623
0.00036028257456828885 0.00014120135534536623
0.00036028257456828885 0.00014120135534536623
0.00036028257456828885 0.00014120135534536623
0.00036028257456828885 0.00014120135534536623
0.00036028257456828885 0.00014120135534536623
0.00036028257456828885 0.00014120135534536623
0.00036028257456828885 0.00014120135534536623
0.00036028257456828885 0.00014120135534536623
0.00036028257456828885 0.00014120135534536623
0.00036028257456828885 0.00014120135534536623
0.00036028257456828885 0.00014120135534536623
0.00036028257456828885 0.00014120135534536623
0.00036028257456828885 0.00014120135534536623
0.00036028257456828885 0.00014120135534536623
0.00036028257456828885 0.00014120135534536623
0.00036028257456828885 0.00014120135534536623
0.00036028257456828885 0.00014120135534536623
0.00036028257456828885 0.00014120135534536623
0.00036028257456828885 0.00014120135534536623
0.00036028257456828885 0.00014120135534536623
0.00036028257456828885 0.00014120135534536623
0.00036028257456828885 0.00014120135534536623
0.00036028257456828885 0.00014120135534536623
0.00036028257456828885 0.00014120135534536623
0.00036028257456828885 0.00014120135534536623
0.00036028257456828885 0.00014120135534536623
0.00036028257456828885 0.00014120135534536623
0.00036028257456828885 0.00014120135534536623
0.00036028257456828885 0.00014120135534536623
0.00036028257456828885 0.00014120135534536623
0.00036028257456828885 0.00014120135534536623
0.00036028257456828885 0.00014120135534536623
0.00036028257456828885 0.00014120135534536623
0.00036028257456828885 0.00014120135534536623
0.00036028257456828885 0.00014120135534536623
0.00036028257456828885 0.00014120135534536623
0.00036028257456828885 0.00014120135534536623
0.00036028257456828885 0.00014120135534536623
0.00036028257456828885 0.00014120135534536623
0.00036028257456828885 0.00014120135534536623
0.00036028257456828885 0.00014120135534536623
0.00036028257456828885 0.00014120135534536623
0.00036028257456828885 0.00014120135534536623
0.00036028257456828885 0.00014120135534536623
0.00036028257456828885 0.00014120135534536623
0.00036028257456828885 0.00014120135534536623
0.00036028257456828885 0.00014120135534536623
0.00036028257456828885 0.00014120135534536623
0.00036028257456828885 0.00014120135534536623
0.00036028257456828885 0.00014120135534536623
0.00036028257456828885 0.00014120135534536623
0.00036028257456828885 0.00014120135534536623
0.00036028257456828885 0.00014120135534536623
0.00036028257456828885 0.00014120135534536623
0.00036028257456828885 0.00014120135534536623
0.00036028257456828885 0.00014120135534536623
0.00036028257456828885 0.00014120135534536623
0.00036028257456828885 0.00014120135534536623
0.00036028257456828885 0.00014120135534536623
0.00036028257456828885 0.00014120135534536623
0.00036028257456828885 0.00014120135534536623
0.00036028257456828885 0.00014120135534536623
0.00036028257456828885 0.00014120135534536623
0.00036028257456828885 0.00014120135534536623
0.00036028257456828885 0.00014120135534536623
0.00036028257456828885 0.00014120135534536623
0.00036028257456828885 0.00014120135534536623
0.00036028257456828885 0.00014120135534536623
0.00036028257456828885 0.00014120135534536623
0.00036028257456828885 0.00014120135534536623
0.00036028257456828885 0.00014120135534536623
0.00036028257456828885 0.00014120135534536623
0.00036028257456828885 0.00014120135534536623
0.00036028257456828885 0.00014120135534536623
0.00036028257456828885 0.00014120135534536623
0.00036028257456828885 0.00014120135534536623
0.00036028257456828885 0.00014120135534536623
0.00036028257456828885 0.00014120135534536623
0.00036028257456828885 0.00014120135534536623
0.00036028257456828885 0.00014120135534536623
0.00112323390894819466 0.00044021599019437705
0.00115149136577708000 0.00045129060629989606
0.00140863422291993704 0.00055206961286011810
0.00206279434850863358 0.00080844697570288089
0.00212496075353218235 0.00083281113113502280
0.00214050235478806944 0.00083890216999305814
0.00256436420722135029 0.00100502141157584202
0.00284693877551020361 0.00111576757263103128
0.00279042386185243295 0.00109361834041999360
0.00256436420722135029 0.00100502141157584202
0.00256436420722135029 0.00100502141157584202
0.00256436420722135029 0.00100502141157584202
0.00256436420722135029 0.00100502141157584202
0.00256436420722135029 0.00100502141157584202
0.00239481946624803699 0.00093857371494272845
0.00214050235478806944 0.00083890216999305814
0.00207833594976452110 0.00081453801456091667
0.00206279434850863358 0.00080844697570288089
0.00206279434850863358 0.00080844697570288089
0.00206279434850863358 0.00080844697570288089
0.00194976452119309225 0.00076414851128080543
0.00178021978021977983 0.00069770081464769196
0.00190737833594976469 0.00074753658712252728
0.00199215070643642090 0.00078076043543908380
0.00199215070643642090 0.00078076043543908380
0.00199215070643642090 0.00078076043543908380
0.00199215070643642090 0.00078076043543908380
0.00221821036106750399 0.00086935736428323527
0.00227472527472527422 0.00089150659649427295
0.00227472527472527422 0.00089150659649427295
0.00227472527472527422 0.00089150659649427295
0.00227472527472527422 0.00089150659649427295
0.00210518053375196267 0.00082505889986115969
0.00204866562009419157 0.00080290966765012158
0.00212637362637362656 0.00083336486194029882
0.00212637362637362656 0.00083336486194029882
0.00212637362637362656 0.00083336486194029882
0.00191444270015698591 0.00075030524114890688
0.00191444270015698591 0.00075030524114890688
0.00191444270015698591 0.00075030524114890688
0.00191444270015698591 0.00075030524114890688
0.00191444270015698591 0.00075030524114890688
0.00191444270015698591 0.00075030524114890688
0.00191444270015698591 0.00075030524114890688
0.00191444270015698591 0.00075030524114890688
0.00191444270015698591 0.00075030524114890688
0.00175196232339089515 0.00068662619854217312
0.00139026687598116177 0.00054487111239153092
0.00135635792778649920 0.00053158157306490818
0.00135635792778649920 0.00053158157306490818
0.00135635792778649920 0.00053158157306490818
0.00135635792778649920 0.00053158157306490818
0.00135635792778649920 0.00053158157306490818
0.00135635792778649920 0.00053158157306490818
0.00135635792778649920 0.00053158157306490818
0.00135635792778649920 0.00053158157306490818
0.00135635792778649920 0.00053158157306490818
0.00135635792778649920 0.00053158157306490818
0.00135635792778649920 0.00053158157306490818
0.00143406593406593418 0.00056203676735508521
0.00036028257456828885 0.00014120135534536623
0.00036028257456828885 0.00014120135534536623
0.00036028257456828885 0.00014120135534536623
0.00036028257456828885 0.00014120135534536623
0.00036028257456828885 0.00014120135534536623
0.00036028257456828885 0.00014120135534536623
0.00036028257456828885 0.00014120135534536623
0.00036028257456828885 0.00014120135534536623
0.00036028257456828885 0.00014120135534536623
0.00036028257456828885 0.00014120135534536623
0.00143406593406593418 0.00056203676735508521
0.00143406593406593418 0.00056203676735508521
0.00103563579277865005 0.00040588468026726842
0.00043799058084772368 0.00017165654963554328
0.00043799058084772368 0.00017165654963554328
0.00043799058084772368 0.00017165654963554328
0.00043799058084772368 0.00017165654963554328
0.00043799058084772368 0.00017165654963554328
0.00043799058084772368 0.00017165654963554328
0.00043799058084772368 0.00017165654963554328
0.00043799058084772368 0.00017165654963554328
0.00036028257456828885 0.00014120135534536623
0.00036028257456828885 0.00014120135534536623
0.00036028257456828885 0.00014120135534536623
0.00036028257456828885 0.00014120135534536623
0.00036028257456828885 0.00014120135534536623
0.00036028257456828885 0.00014120135534536623
0.00036028257456828885 0.00014120135534536623
0.00036028257456828885 0.00014120135534536623
0.00036028257456828885 0.00014120135534536623
0.00036028257456828885 0.00014120135534536623
0.00036028257456828885 0.00014120135534536623
0.00036028257456828885 0.00014120135534536623
0.00036028257456828885 0.00014120135534536623
0.00036028257456828885 0.00014120135534536623
0.00036028257456828885 0.00014120135534536623
0.00036028257456828885 0.00014120135534536623
0.00036028257456828885 0.00014120135534536623
0.00036028257456828885 0.00014120135534536623
0.00036028257456828885 0.00014120135534536623
0.00036028257456828885 0.00014120135534536623
0.00036028257456828885 0.00014120135534536623
0.00036028257456828885 0.00014120135534536623
0.00036028257456828885 0.00014120135534536623
0.00036028257456828885 0.00014120135534536623
0.00036028257456828885 0.00014120135534536623
0.00036028257456828885 0.00014120135534536623
0.00036028257456828885 0.00014120135534536623
0.00036028257456828885 0.00014120135534536623
0.00036028257456828885 0.00014120135534536623
0.00036028257456828885 0.00014120135534536623
0.00036028257456828885 0.00014120135534536623
0.00036028257456828885 0.00014120135534536623
0.00036028257456828885 0.00014120135534536623
0.00042244897959183681 0.00016556551077750786
0.00043799058084772368 0.00017165654963554328
0.00043799058084772368 0.00017165654963554328
0.00043799058084772368 0.00017165654963554328
0.00048320251177394040 0.00018937593540437357
0.00049450549450549461 0.00019380578184658112
0.00134222919937205631 0.00052604426501214876
0.00151177394034536939 0.00059249196164526223
0.00338806907378335883 0.00132784647105171840
0.00151177394034536939 0.00059249196164526223
0.00151177394034536939 0.00059249196164526223
0.00151177394034536939 0.00059249196164526223
0.00144960753532182105 0.00056812780621312055
0.00143406593406593418 0.00056203676735508521
0.00143406593406593418 0.00056203676735508521
0.00143406593406593418 0.00056203676735508521
0.00899999999999999932 0.00352726522960777628
0.00143406593406593418 0.00056203676735508521
0.00142276295133437970 0.00055760692091287752
0.00137755102040816330 0.00053988753514404742
0.00137755102040816330 0.00053988753514404742
0.00125039246467817909 0.00049005176266921221
0.00116562009419152288 0.00045682791435265553
0.00116562009419152288 0.00045682791435265553
0.00116562009419152288 0.00045682791435265553
0.00122778649921507078 0.00048119206978479711
0.00124332810047095765 0.00048728310864283250
0.00124332810047095765 0.00048728310864283250
0.00152590266875981162 0.00059802926969802176
0.00194976452119309225 0.00076414851128080543
0.00130549450549450555 0.00051164726407497408
0.00114442700156985877 0.00044852195227351629
0.00871036106750392412 0.00341375041452620731
0.00163610675039246498 0.00064122027250954549
0.00216169544740973333 0.00084720813207219748
0.00216169544740973333 0.00084720813207219748
0.00216169544740973333 0.00084720813207219748
0.00209952904238618586 0.00082284397664005591
0.00211789638932496091 0.00083004247710864309
0.00214050235478806944 0.00083890216999305814
0.00214050235478806944 0.00083890216999305814
0.00214050235478806944 0.00083890216999305814
0.00185792778649921503 0.00072815600893786888
0.00143406593406593418 0.00056203676735508521
0.00143406593406593418 0.00056203676735508521
0.00143406593406593418 0.00056203676735508521
0.00143406593406593418 0.00056203676735508521
0.00139167974882260575 0.00054542484319680673
0.00122213500784929354 0.00047897714656369326
0.00150470957613814773 0.00058972330761888252
0.00122213500784929354 0.00047897714656369326
0.00150470957613814773 0.00058972330761888252
0.00036028257456828885 0.00014120135534536623
0.00036028257456828885 0.00014120135534536623
0.00036028257456828885 0.00014120135534536623
0.00036028257456828885 0.00014120135534536623
0.00036028257456828885 0.00014120135534536623
0.00036028257456828885 0.00014120135534536623
0.00036028257456828885 0.00014120135534536623
0.00036028257456828885 0.00014120135534536623
0.00036028257456828885 0.00014120135534536623
0.00036028257456828885 0.00014120135534536623
0.00036028257456828885 0.00014120135534536623
0.00036028257456828885 0.00014120135534536623
0.00036028257456828885 0.00014120135534536623
0.00036028257456828885 0.00014120135534536623
0.00036028257456828885 0.00014120135534536623
0.00036028257456828885 0.00014120135534536623
0.00036028257456828885 0.00014120135534536623
0.00036028257456828885 0.00014120135534536623
0.00036028257456828885 0.00014120135534536623
0.00036028257456828885 0.00014120135534536623
0.00036028257456828885 0.00014120135534536623
0.00036028257456828885 0.00014120135534536623
0.00036028257456828885 0.00014120135534536623
0.00036028257456828885 0.00014120135534536623
0.00036028257456828885 0.00014120135534536623
0.00036028257456828885 0.00014120135534536623
0.00036028257456828885 0.00014120135534536623
0.00036028257456828885 0.00014120135534536623
0.00036028257456828885 0.00014120135534536623
0.00036028257456828885 0.00014120135534536623
0.00036028257456828885 0.00014120135534536623
0.00036028257456828885 0.00014120135534536623
0.00036028257456828885 0.00014120135534536623
0.00036028257456828885 0.00014120135534536623
0.00036028257456828885 0.00014120135534536623
0.00036028257456828885 0.00014120135534536623
0.00036028257456828885 0.00014120135534536623
0.00036028257456828885 0.00014120135534536623
