0.00009927443867045788 0.00003890747507901508
0.00009927443867045788 0.00003890747507901508
0.00009927443867045788 0.00003890747507901508
0.00009927443867045788 0.00003890747507901508
0.00009927443867045788 0.00003890747507901508
0.00009927443867045788 0.00003890747507901508
0.00009927443867045788 0.00003890747507901508
0.00009927443867045788 0.00003890747507901508
0.00009927443867045788 0.00003890747507901508
0.00009927443867045788 0.00003890747507901508
0.00009927443867045788 0.00003890747507901508
0.00009927443867045788 0.00003890747507901508
0.00009927443867045788 0.00003890747507901508
0.00009927443867045788 0.00003890747507901508
0.00009927443867045788 0.00003890747507901508
0.00009927443867045788 0.00003890747507901508
0.00009927443867045788 0.00003890747507901508
0.00009927443867045788 0.00003890747507901508
0.00009927443867045788 0.00003890747507901508
0.00041165800568683199 0.00016133632999431585
0.00048975389744092561 0.00019194354372314106
0.00048975389744092561 0.00019194354372314106
0.00048975389744092561 0.00019194354372314106
0.00017737033042455140 0.00006951468880784027
0.00009927443867045788 0.00003890747507901508
0.00009927443867045788 0.00003890747507901508
0.00009927443867045788 0.00003890747507901508
0.00009927443867045788 0.00003890747507901508
0.00009927443867045788 0.00003890747507901508
0.00009927443867045788 0.00003890747507901508
0.00009927443867045788 0.00003890747507901508
0.00009927443867045788 0.00003890747507901508
0.00009927443867045788 0.00003890747507901508
0.00009927443867045788 0.00003890747507901508
0.00009927443867045788 0.00003890747507901508
0.00009927443867045788 0.00003890747507901508
0.00009927443867045788 0.00003890747507901508
0.00009927443867045788 0.00003890747507901508
0.00009927443867045788 0.00003890747507901508
0.00009927443867045788 0.00003890747507901508
0.00009927443867045788 0.00003890747507901508
0.00009927443867045788 0.00003890747507901508
0.00009927443867045788 0.00003890747507901508
0.00009927443867045788 0.00003890747507901508
0.00009927443867045788 0.00003890747507901508
0.00009927443867045788 0.00003890747507901508
0.00009927443867045788 0.00003890747507901508
0.00033356211393273849 0.00013072911626549067
0.00048975389744092561 0.00019194354372314106
0.00048975389744092561 0.00019194354372314106
0.00048975389744092561 0.00019194354372314106
0.00025546622217864488 0.00010012190253666548
0.00009927443867045788 0.00003890747507901508
0.00009927443867045788 0.00003890747507901508
0.00009927443867045788 0.00003890747507901508
0.00009927443867045788 0.00003890747507901508
0.00009927443867045788 0.00003890747507901508
0.00009927443867045788 0.00003890747507901508
0.00009927443867045788 0.00003890747507901508
0.00025546622217864488 0.00010012190253666548
0.00048975389744092561 0.00019194354372314106
0.00048975389744092561 0.00019194354372314106
0.00048975389744092561 0.00019194354372314106
0.00033356211393273849 0.00013072911626549067
0.00009927443867045788 0.00003890747507901508
0.00009927443867045788 0.00003890747507901508
0.00009927443867045788 0.00003890747507901508
0.00009927443867045788 0.00003890747507901508
0.00009927443867045788 0.00003890747507901508
0.00009927443867045788 0.00003890747507901508
0.00009927443867045788 0.00003890747507901508
0.00009927443867045788 0.00003890747507901508
0.00009927443867045788 0.00003890747507901508
0.00009927443867045788 0.00003890747507901508
0.00009927443867045788 0.00003890747507901508
0.00009927443867045788 0.00003890747507901508
0.00009927443867045788 0.00003890747507901508
0.00033356211393273849 0.00013072911626549067
0.00048975389744092561 0.00019194354372314106
0.00048975389744092561 0.00019194354372314106
0.00048975389744092561 0.00019194354372314106
0.00025546622217864488 0.00010012190253666548
0.00009927443867045788 0.00003890747507901508
0.00009927443867045788 0.00003890747507901508
0.00010456907539954896 0.00004098254041656256
0.00012574762231591332 0.00004928280176675244
0.00021840376507500735 0.00008559644517383318
0.00035738797921364840 0.00014006691028445428
0.00035297578193940580 0.00013833768916983138
0.00021399156780076476 0.00008386722405921027
0.00021399156780076476 0.00008386722405921027
0.00021399156780076476 0.00008386722405921027
0.00012574762231591332 0.00004928280176675244
0.00036003529757819405 0.00014110444295322805
0.00051622708108638095 0.00020231887041087841
0.00051622708108638095 0.00020231887041087841
0.00051622708108638095 0.00020231887041087841
0.00027135013236591826 0.00010634709854930790
0.00012574762231591332 0.00004928280176675244
0.00012574762231591332 0.00004928280176675244
0.00012574762231591332 0.00004928280176675244
0.00012574762231591332 0.00004928280176675244
0.00012574762231591332 0.00004928280176675244
0.00010986371212864006 0.00004305760575411002
0.00009927443867045788 0.00003890747507901508
0.00009927443867045788 0.00003890747507901508
0.00009927443867045788 0.00003890747507901508
0.00041165800568683199 0.00016133632999431585
0.00048975389744092561 0.00019194354372314106
0.00048975389744092561 0.00019194354372314106
0.00048975389744092561 0.00019194354372314106
0.00017737033042455140 0.00006951468880784027
0.00009927443867045788 0.00003890747507901508
0.00009927443867045788 0.00003890747507901508
0.00009927443867045788 0.00003890747507901508
0.00009927443867045788 0.00003890747507901508
0.00009927443867045788 0.00003890747507901508
0.00009927443867045788 0.00003890747507901508
0.00009927443867045788 0.00003890747507901508
0.00009927443867045788 0.00003890747507901508
0.00009927443867045788 0.00003890747507901508
0.00009927443867045788 0.00003890747507901508
0.00009927443867045788 0.00003890747507901508
0.00009927443867045788 0.00003890747507901508
0.00009927443867045788 0.00003890747507901508
0.00033356211393273849 0.00013072911626549067
0.00048975389744092561 0.00019194354372314106
0.00048975389744092561 0.00019194354372314106
0.00048975389744092561 0.00019194354372314106
0.00025546622217864488 0.00010012190253666548
0.00009927443867045788 0.00003890747507901508
0.00009927443867045788 0.00003890747507901508
0.00009927443867045788 0.00003890747507901508
0.00009927443867045788 0.00003890747507901508
0.00009927443867045788 0.00003890747507901508
0.00009927443867045788 0.00003890747507901508
0.00009927443867045788 0.00003890747507901508
0.00009927443867045788 0.00003890747507901508
0.00009927443867045788 0.00003890747507901508
0.00009927443867045788 0.00003890747507901508
0.00041165800568683199 0.00016133632999431585
0.00048975389744092561 0.00019194354372314106
0.00048975389744092561 0.00019194354372314106
0.00048975389744092561 0.00019194354372314106
0.00017737033042455140 0.00006951468880784027
0.00009927443867045788 0.00003890747507901508
0.00009927443867045788 0.00003890747507901508
0.00009927443867045788 0.00003890747507901508
0.00009927443867045788 0.00003890747507901508
0.00009927443867045788 0.00003890747507901508
0.00009927443867045788 0.00003890747507901508
0.00009927443867045788 0.00003890747507901508
0.00017737033042455140 0.00006951468880784027
0.00048975389744092561 0.00019194354372314106
0.00048975389744092561 0.00019194354372314106
0.00048975389744092561 0.00019194354372314106
0.00041165800568683199 0.00016133632999431585
0.00009927443867045788 0.00003890747507901508
0.00009927443867045788 0.00003890747507901508
0.00009927443867045788 0.00003890747507901508
0.00009927443867045788 0.00003890747507901508
0.00009927443867045788 0.00003890747507901508
0.00009927443867045788 0.00003890747507901508
0.00009927443867045788 0.00003890747507901508
0.00009927443867045788 0.00003890747507901508
0.00009927443867045788 0.00003890747507901508
0.00009927443867045788 0.00003890747507901508
0.00009927443867045788 0.00003890747507901508
0.00025546622217864488 0.00010012190253666548
0.00048975389744092561 0.00019194354372314106
0.00474487694872046274 0.00185960438666545828
0.00899999999999999932 0.00352726522960777628
0.00033356211393273849 0.00013072911626549067
0.00009927443867045788 0.00003890747507901508
0.00009927443867045788 0.00003890747507901508
0.00009927443867045788 0.00003890747507901508
0.00009927443867045788 0.00003890747507901508
0.00009927443867045788 0.00003890747507901508
0.00009927443867045788 0.00003890747507901508
0.00009927443867045788 0.00003890747507901508
0.00009927443867045788 0.00003890747507901508
0.00041165800568683199 0.00016133632999431585
0.00048975389744092561 0.00019194354372314106
0.00048975389744092561 0.00019194354372314106
0.00048975389744092561 0.00019194354372314106
0.00017737033042455140 0.00006951468880784027
0.00009927443867045788 0.00003890747507901508
0.00009927443867045788 0.00003890747507901508
0.00009927443867045788 0.00003890747507901508
0.00009927443867045788 0.00003890747507901508
0.00009927443867045788 0.00003890747507901508
0.00009927443867045788 0.00003890747507901508
0.00009927443867045788 0.00003890747507901508
0.00009927443867045788 0.00003890747507901508
0.00012045298558682226 0.00004720773642920496
0.00013457201686439845 0.00005274124399599822
0.00013457201686439845 0.00005274124399599822
0.00029076380037258552 0.00011395567145364860
0.00052505147563486625 0.00020577731264012424
0.00054225904500441210 0.00021252127498715346
0.00055373075791744289 0.00021701724988517295
0.00039753897440925577 0.00015580282242752262
0.00016325129914697526 0.00006398118124104704
0.00016325129914697526 0.00006398118124104704
0.00016325129914697526 0.00006398118124104704
0.00075757427198744961 0.00029690726538075059
0.00311368761643298362 0.00122031134058937503
0.00309956858515540766 0.00121477783302258212
0.00309956858515540766 0.00121477783302258212
0.00309956858515540766 0.00121477783302258212
0.00309956858515540766 0.00121477783302258212
0.00281762917933130706 0.00110428060379817923
0.00185665261300127439 0.00072765624503331311
0.00051843317972350225 0.00020318348096818987
0.00048975389744092561 0.00019194354372314106
0.00017737033042455140 0.00006951468880784027
0.00009927443867045788 0.00003890747507901508
0.00009927443867045788 0.00003890747507901508
0.00061638395921168726 0.00024157218971281806
0.00268482204137660560 0.00105223104824803018
0.00268482204137660560 0.00105223104824803018
0.00268482204137660560 0.00105223104824803018
0.00268482204137660560 0.00105223104824803018
0.00268482204137660560 0.00105223104824803018
0.00293190508873418954 0.00114906743066691222
0.00293190508873418954 0.00114906743066691222
0.00293190508873418954 0.00114906743066691222
0.00278365526031963987 0.00109096560121558291
0.00268482204137660560 0.00105223104824803018
0.00268482204137660560 0.00105223104824803018
0.00232390430434356284 0.00091078076107187743
0.00048975389744092561 0.00019194354372314106
0.00048975389744092561 0.00019194354372314106
0.00048975389744092561 0.00019194354372314106
0.00035076968330228445 0.00013747307861251994
0.00012795372095303462 0.00005014741232406388
0.00012795372095303462 0.00005014741232406388
0.00012795372095303462 0.00005014741232406388
0.00012795372095303462 0.00005014741232406388
0.00012795372095303462 0.00005014741232406388
0.00012795372095303462 0.00005014741232406388
0.00012795372095303462 0.00005014741232406388
0.00012795372095303462 0.00005014741232406388
0.00036224139621531529 0.00014196905351053949
0.00051843317972350225 0.00020318348096818987
0.00051843317972350225 0.00020318348096818987
0.00051843317972350225 0.00020318348096818987
0.00038297872340425530 0.00015009639274926706
0.00042445337778213536 0.00016635107122672224
0.00048048828316501606 0.00018831217938243295
0.00048754779880380426 0.00019107893316582967
0.00036268261594273949 0.00014214197562200176
0.00040592214923031671 0.00015908834254530610
0.00029341111873713112 0.00011499320412242235
0.00026693793509167561 0.00010461787743468499
0.00022502206098637121 0.00008819027684576750
0.00020737327188940092 0.00008127339238727594
0.00044563192469849984 0.00017465133257691211
0.00047210510834395529 0.00018502665926464949
0.00055814295519168548 0.00021874647099979588
0.00064550446122168842 0.00025298504906932923
0.00072492401215805467 0.00028411102913254119
0.00067727228159623486 0.00026543544109461397
0.00080963819982351212 0.00031731207453330080
0.00071433473869987238 0.00027996089845744624
0.00088508677321306019 0.00034688175559335232
0.00104127855672124731 0.00040809618305100262
0.00099715658397882159 0.00039080397190477368
0.00352534562211981664 0.00138164767058369118
0.00075139719580351013 0.00029448635582027862
0.00068918521423668984 0.00027010433810409579
0.00062432591430532395 0.00024468478771913927
0.00056696734974017056 0.00022220491322904167
0.00228110599078341003 0.00089400731626003535
0.00148911658005686839 0.00058361212618522628
0.00084449455829002835 0.00033097292133882160
0.00083390528483184606 0.00032682279066372660
0.00076331012844396522 0.00029915525282976039
0.00120673595450534348 0.00047294197484936101
0.00131262868908716530 0.00051444328160031051
0.00132983625845671137 0.00052118724394733975
0.00114364153348367470 0.00044821411291025369
0.00066844788704774967 0.00026197699886536816
0.00061550151975683877 0.00024122634548989343
0.00062609079321502095 0.00024537647616498841
0.00061550151975683877 0.00024122634548989343
0.00052284537699774495 0.00020491270208281278
0.00044827924306304538 0.00017568886524568588
