0.00107483686786296923 0.00042124830127928650
0.00024622756933115824 0.00009650110487473694
0.00017098287112561172 0.00006701132624220862
0.00024316884176182708 0.00009530233338560977
0.00024316884176182708 0.00009530233338560977
0.00024316884176182708 0.00009530233338560977
0.00006270391517128871 0.00002457481552710692
0.00006270391517128871 0.00002457481552710692
0.00006270391517128871 0.00002457481552710692
0.00006270391517128871 0.00002457481552710692
0.00006270391517128871 0.00002457481552710692
0.00006270391517128871 0.00002457481552710692
0.00006270391517128871 0.00002457481552710692
0.00006270391517128871 0.00002457481552710692
0.00020707585644371939 0.00008115682981390920
0.00024316884176182708 0.00009530233338560977
0.00024316884176182708 0.00009530233338560977
0.00020707585644371939 0.00008115682981390920
0.00006270391517128871 0.00002457481552710692
0.00006270391517128871 0.00002457481552710692
0.00006270391517128871 0.00002457481552710692
0.00006270391517128871 0.00002457481552710692
0.00006270391517128871 0.00002457481552710692
0.00006270391517128871 0.00002457481552710692
0.00006270391517128871 0.00002457481552710692
0.00013488988580750408 0.00005286582267050807
0.00024316884176182708 0.00009530233338560977
0.00024316884176182708 0.00009530233338560977
0.00024316884176182708 0.00009530233338560977
0.00009879690048939641 0.00003872031909880749
0.00006270391517128871 0.00002457481552710692
0.00006270391517128871 0.00002457481552710692
0.00006270391517128871 0.00002457481552710692
0.00006270391517128871 0.00002457481552710692
0.00006270391517128871 0.00002457481552710692
0.00006270391517128871 0.00002457481552710692
0.00006270391517128871 0.00002457481552710692
0.00006270391517128871 0.00002457481552710692
0.00006270391517128871 0.00002457481552710692
0.00006270391517128871 0.00002457481552710692
0.00006270391517128871 0.00002457481552710692
0.00006270391517128871 0.00002457481552710692
0.00006270391517128871 0.00002457481552710692
0.00006270391517128871 0.00002457481552710692
0.00006270391517128871 0.00002457481552710692
0.00006270391517128871 0.00002457481552710692
0.00006270391517128871 0.00002457481552710692
0.00006270391517128871 0.00002457481552710692
0.00006270391517128871 0.00002457481552710692
0.00006270391517128871 0.00002457481552710692
0.00006270391517128871 0.00002457481552710692
0.00006270391517128871 0.00002457481552710692
0.00013488988580750408 0.00005286582267050807
0.00024316884176182708 0.00009530233338560977
0.00024316884176182708 0.00009530233338560977
0.00024316884176182708 0.00009530233338560977
0.00009879690048939641 0.00003872031909880749
0.00006270391517128871 0.00002457481552710692
0.00006270391517128871 0.00002457481552710692
0.00013611337683523656 0.00005334533126615894
0.00007493882544861337 0.00002936990148361559
0.00019881729200652527 0.00007792014679326584
0.00017740619902120719 0.00006952874636937569
0.00017740619902120719 0.00006952874636937569
0.00017740619902120719 0.00006952874636937569
0.00017740619902120719 0.00006952874636937569
0.00018811174551386625 0.00007372444658132077
0.00033921288743882542 0.00013294375814420280
0.00041139885807504065 0.00016123476528760394
0.00041139885807504065 0.00016123476528760394
0.00024316884176182708 0.00009530233338560977
0.00006270391517128871 0.00002457481552710692
0.00006270391517128871 0.00002457481552710692
0.00006270391517128871 0.00002457481552710692
0.00006270391517128871 0.00002457481552710692
0.00006270391517128871 0.00002457481552710692
0.00006270391517128871 0.00002457481552710692
0.00006270391517128871 0.00002457481552710692
0.00006270391517128871 0.00002457481552710692
0.00006270391517128871 0.00002457481552710692
0.00006270391517128871 0.00002457481552710692
0.00006270391517128871 0.00002457481552710692
0.00006270391517128871 0.00002457481552710692
0.00006270391517128871 0.00002457481552710692
0.00006270391517128871 0.00002457481552710692
0.00006270391517128871 0.00002457481552710692
0.00017098287112561172 0.00006701132624220862
0.00024316884176182708 0.00009530233338560977
0.00024316884176182708 0.00009530233338560977
0.00024316884176182708 0.00009530233338560977
0.00006270391517128871 0.00002457481552710692
0.00006270391517128871 0.00002457481552710692
0.00006270391517128871 0.00002457481552710692
0.00006270391517128871 0.00002457481552710692
0.00006270391517128871 0.00002457481552710692
0.00006270391517128871 0.00002457481552710692
0.00006270391517128871 0.00002457481552710692
0.00006270391517128871 0.00002457481552710692
0.00006270391517128871 0.00002457481552710692
0.00006270391517128871 0.00002457481552710692
0.00006270391517128871 0.00002457481552710692
0.00006270391517128871 0.00002457481552710692
0.00006270391517128871 0.00002457481552710692
0.00006270391517128871 0.00002457481552710692
0.00006270391517128871 0.00002457481552710692
0.00006270391517128871 0.00002457481552710692
0.00006270391517128871 0.00002457481552710692
0.00006270391517128871 0.00002457481552710692
0.00006270391517128871 0.00002457481552710692
0.00006270391517128871 0.00002457481552710692
0.00013488988580750408 0.00005286582267050807
0.00024316884176182708 0.00009530233338560977
0.00024316884176182708 0.00009530233338560977
0.00024316884176182708 0.00009530233338560977
0.00009879690048939641 0.00003872031909880749
0.00006270391517128871 0.00002457481552710692
0.00006270391517128871 0.00002457481552710692
0.00006270391517128871 0.00002457481552710692
0.00006270391517128871 0.00002457481552710692
0.00006270391517128871 0.00002457481552710692
0.00006270391517128871 0.00002457481552710692
0.00006270391517128871 0.00002457481552710692
0.00006270391517128871 0.00002457481552710692
0.00006270391517128871 0.00002457481552710692
0.00006270391517128871 0.00002457481552710692
0.00006270391517128871 0.00002457481552710692
0.00013488988580750408 0.00005286582267050807
0.00024316884176182708 0.00009530233338560977
0.00024316884176182708 0.00009530233338560977
0.00024316884176182708 0.00009530233338560977
0.00009879690048939641 0.00003872031909880749
0.00006270391517128871 0.00002457481552710692
0.00006270391517128871 0.00002457481552710692
0.00006270391517128871 0.00002457481552710692
0.00019759380097879282 0.00007744063819761498
0.00027222675367047312 0.00010669066253231788
0.00027222675367047312 0.00010669066253231788
0.00027222675367047312 0.00010669066253231788
0.00027222675367047312 0.00010669066253231788
0.00027222675367047312 0.00010669066253231788
0.00027222675367047312 0.00010669066253231788
0.00027222675367047312 0.00010669066253231788
0.00024928629690048942 0.00009769987636386413
0.00024928629690048942 0.00009769987636386413
0.00024928629690048942 0.00009769987636386413
0.00024928629690048942 0.00009769987636386413
0.00024928629690048942 0.00009769987636386413
0.00024928629690048942 0.00009769987636386413
0.00028599102773246333 0.00011208513423339010
0.00024928629690048942 0.00009769987636386413
0.00024928629690048942 0.00009769987636386413
0.00024928629690048942 0.00009769987636386413
0.00116965742251223521 0.00045841021744222869
0.00024928629690048942 0.00009769987636386413
0.00024928629690048942 0.00009769987636386413
0.00024928629690048942 0.00009769987636386413
0.00024928629690048942 0.00009769987636386413
0.00024928629690048942 0.00009769987636386413
0.00024928629690048942 0.00009769987636386413
0.00036215334420880917 0.00014193454431265658
0.00065915579119086459 0.00025833525590690450
0.00065915579119086459 0.00025833525590690450
0.00065915579119086459 0.00025833525590690450
0.00050469004893964110 0.00019779729570598253
0.00050469004893964110 0.00019779729570598253
0.00050469004893964110 0.00019779729570598253
0.00050469004893964110 0.00019779729570598253
0.00050469004893964110 0.00019779729570598253
0.00006270391517128871 0.00002457481552710692
0.00006270391517128871 0.00002457481552710692
0.00006270391517128871 0.00002457481552710692
0.00013488988580750408 0.00005286582267050807
0.00024316884176182708 0.00009530233338560977
0.00024316884176182708 0.00009530233338560977
0.00024316884176182708 0.00009530233338560977
0.00009879690048939641 0.00003872031909880749
0.00006270391517128871 0.00002457481552710692
0.00006270391517128871 0.00002457481552710692
0.00006270391517128871 0.00002457481552710692
0.00006270391517128871 0.00002457481552710692
0.00050469004893964110 0.00019779729570598253
0.00029822593800978790 0.00011688022018989875
0.00029822593800978790 0.00011688022018989875
0.00029363784665579118 0.00011508206295620806
0.00094208809135399663 0.00036922161865116738
0.00162724306688417615 0.00063774643221565282
0.00042913947797716152 0.00016818763992454153
0.00053221859706362141 0.00020858623910812699
0.00053221859706362141 0.00020858623910812699
0.00052701876019575853 0.00020654832757661089
0.00053221859706362141 0.00020858623910812699
0.00053221859706362141 0.00020858623910812699
0.00053221859706362141 0.00020858623910812699
0.00053221859706362141 0.00020858623910812699
0.00053221859706362141 0.00020858623910812699
0.00053221859706362141 0.00020858623910812699
0.00055057096247960850 0.00021577886804289003
0.00051386623164763454 0.00020139361017336405
0.00050927814029363787 0.00019959545293967329
0.00039488172920065253 0.00015476139924631724
0.00050316068515497540 0.00019719790996141888
0.00048817292006525281 0.00019132392966469586
0.00047869086460032627 0.00018760773804840164
0.00033431892332789554 0.00013102572376159932
0.00028262642740619904 0.00011076648559535024
0.00027222675367047312 0.00010669066253231788
0.00016027732463295269 0.00006281562603026356
0.00008564437194127243 0.00003356560169556068
0.00008564437194127243 0.00003356560169556068
0.00008564437194127243 0.00003356560169556068
0.00029822593800978790 0.00011688022018989875
0.00033951876019575847 0.00013306363529311553
0.00033951876019575847 0.00013306363529311553
0.00031657830342577493 0.00012407284912466178
0.00031657830342577493 0.00012407284912466178
0.00053558319738988575 0.00020990488774616693
0.00070503670473083188 0.00027631682824381205
0.00073715334420880907 0.00028890392887964721
0.00070106035889070143 0.00027475842530794663
0.00055668841761827076 0.00021817641102114436
0.00055668841761827076 0.00021817641102114436
0.00044473898858075038 0.00017430137451909008
0.00051937194127243068 0.00020355139885379296
0.00055668841761827076 0.00021817641102114436
0.00053772430668841767 0.00021074402778855600
0.00047716150081566062 0.00018700835230383805
0.00045575040783034262 0.00017861695187994787
0.00053772430668841767 0.00021074402778855600
0.00063468597063621524 0.00024874508399388707
0.00063927406199021212 0.00025054324122757794
0.00065762642740619900 0.00025773587016234088
0.00065762642740619900 0.00025773587016234088
0.00083809135399673731 0.00032846338802084368
0.00083809135399673731 0.00032846338802084368
0.00899999999999999932 0.00352726522960777628
0.00040650489396411088 0.00015931673090500048
0.00038081158238172921 0.00014924705039633229
0.00050469004893964110 0.00019779729570598253
0.00029822593800978790 0.00011688022018989875
0.00029822593800978790 0.00011688022018989875
0.00029822593800978790 0.00011688022018989875
0.00028843800978792819 0.00011304415142469185
0.00028721451876019571 0.00011256464282904096
0.00040497553017944534 0.00015871734516043689
0.00036521207177814030 0.00014313331580178374
0.00029057911908646000 0.00011388329146708084
0.00050469004893964110 0.00019779729570598253
0.00041598694942903758 0.00016303292252129473
0.00047104404567699831 0.00018461080932558369
0.00050897226753670471 0.00019947557579076057
0.00061327487765089719 0.00024035368356999689
0.00078762234910277314 0.00030868365845024547
0.00084726753670473075 0.00033205970248822525
0.00076774061990212057 0.00030089164377091891
0.00071084828711256119 0.00027859449407315360
0.00093597063621533437 0.00036682407567291311
0.00080413947797716159 0.00031515702449153222
0.00073562398042414370 0.00028830454313508370
0.00063040375203915163 0.00024706680390910909
0.00075244698205546498 0.00029489778632528312
0.00204017128874388245 0.00079958058324782031
0.00385705546492658971 0.00151165084778935718
0.00381270391517128963 0.00149426866119701423
0.00381270391517128963 0.00149426866119701423
0.00261215334420880933 0.00102375085171460046
0.00073562398042414370 0.00028830454313508370
0.00082738580750407840 0.00032426768780889869
0.00085797308319739000 0.00033625540270017034
0.00081056280587275711 0.00031767444461869933
0.00077324632952691682 0.00030304943245134785
0.00082279771615008141 0.00032246953057520788
0.00086561990212071784 0.00033925233142298829
0.00079893964110929849 0.00031311911296001601
0.00059094616639477986 0.00023160265169936870
0.00060042822185970635 0.00023531884331566292
0.00062398042414355621 0.00024454938378194204
0.00060501631321370312 0.00023711700054935360
0.00249989804241435541 0.00097975593806363362
0.00054139477977161495 0.00021218255357550854
0.00050469004893964110 0.00019779729570598253
0.00050469004893964110 0.00019779729570598253
0.00059645187601957579 0.00023376044037979753
0.00054139477977161495 0.00021218255357550854
0.00068821370309951060 0.00026972358505361247
0.00097573409461663941 0.00038240810503156628
0.00239039559543229984 0.00093683991875288092
0.00151254078303425803 0.00059279250137338408
0.00073654159869494286 0.00028866417458182182
