0.00012637121544537081 0.00004952719936263662
0.00012637121544537081 0.00004952719936263662
0.00012637121544537081 0.00004952719936263662
0.00012637121544537081 0.00004952719936263662
0.00012637121544537081 0.00004952719936263662
0.00012637121544537081 0.00004952719936263662
0.00012637121544537081 0.00004952719936263662
0.00012637121544537081 0.00004952719936263662
0.00042650285212812641 0.00016715429784889860
0.00087670030715225979 0.00034359494557829152
0.00087670030715225979 0.00034359494557829152
0.00087670030715225979 0.00034359494557829152
0.00087670030715225979 0.00034359494557829152
0.00012637121544537081 0.00004952719936263662
0.00012637121544537081 0.00004952719936263662
0.00012637121544537081 0.00004952719936263662
0.00040833698990785439 0.00016003476294051958
0.00059631417288284337 0.00023370647199244150
0.00059631417288284337 0.00023370647199244150
0.00059631417288284337 0.00023370647199244150
0.00012637121544537081 0.00004952719936263662
0.00012637121544537081 0.00004952719936263662
0.00012637121544537081 0.00004952719936263662
0.00012637121544537081 0.00004952719936263662
0.00012637121544537081 0.00004952719936263662
0.00012637121544537081 0.00004952719936263662
0.00012637121544537081 0.00004952719936263662
0.00012637121544537081 0.00004952719936263662
0.00012637121544537081 0.00004952719936263662
0.00057656867046950409 0.00022596784709202948
0.00087670030715225979 0.00034359494557829152
0.00087670030715225979 0.00034359494557829152
0.00087670030715225979 0.00034359494557829152
0.00072663448881088205 0.00028478139633516050
0.00012637121544537081 0.00004952719936263662
0.00012637121544537081 0.00004952719936263662
0.00012637121544537081 0.00004952719936263662
0.00012637121544537081 0.00004952719936263662
0.00012637121544537081 0.00004952719936263662
0.00012637121544537081 0.00004952719936263662
0.00040833698990785439 0.00016003476294051958
0.00059631417288284337 0.00023370647199244150
0.00059631417288284337 0.00023370647199244150
0.00059631417288284337 0.00023370647199244150
0.00012637121544537081 0.00004952719936263662
0.00087670030715225979 0.00034359494557829152
0.00087670030715225979 0.00034359494557829152
0.00087670030715225979 0.00034359494557829152
0.00087670030715225979 0.00034359494557829152
0.00042650285212812641 0.00016715429784889860
0.00012637121544537081 0.00004952719936263662
0.00012637121544537081 0.00004952719936263662
0.00012637121544537081 0.00004952719936263662
0.00059631417288284337 0.00023370647199244150
0.00059631417288284337 0.00023370647199244150
0.00059631417288284337 0.00023370647199244150
0.00040833698990785439 0.00016003476294051958
0.00012637121544537081 0.00004952719936263662
0.00012637121544537081 0.00004952719936263662
0.00012637121544537081 0.00004952719936263662
0.00012637121544537081 0.00004952719936263662
0.00012637121544537081 0.00004952719936263662
0.00012637121544537081 0.00004952719936263662
0.00012637121544537081 0.00004952719936263662
0.00012637121544537081 0.00004952719936263662
0.00080245721807810442 0.00031449771595274252
0.00134664326458973252 0.00052777421820809640
0.00134664326458973252 0.00052777421820809640
0.00125265467310223819 0.00049093836368213541
0.00087670030715225979 0.00034359494557829152
0.00012637121544537081 0.00004952719936263662
0.00012637121544537081 0.00004952719936263662
0.00018560772268538835 0.00007274307406387253
0.00042255375164545854 0.00016560657286881613
0.00012637121544537081 0.00004952719936263662
0.00012637121544537081 0.00004952719936263662
0.00012637121544537081 0.00004952719936263662
0.00012637121544537081 0.00004952719936263662
0.00012637121544537081 0.00004952719936263662
0.00012637121544537081 0.00004952719936263662
0.00012637121544537081 0.00004952719936263662
0.00012637121544537081 0.00004952719936263662
0.00012637121544537081 0.00004952719936263662
0.00012637121544537081 0.00004952719936263662
0.00022035980693286530 0.00008636305388859759
0.00059631417288284337 0.00023370647199244150
0.00585414655550680132 0.00229434751047414122
0.00126766125493637540 0.00049681971860644856
0.00116340500219394463 0.00045595977913227332
0.00076612549363756018 0.00030025864613598442
0.00112154453707766547 0.00043955389434339993
0.00103466432645897316 0.00040550394478158720
0.00087670030715225979 0.00034359494557829152
0.00087670030715225979 0.00034359494557829152
0.00057656867046950409 0.00022596784709202948
0.00012637121544537081 0.00004952719936263662
0.00036331724440544103 0.00014239069816758028
0.00052128126371215450 0.00020429969737087604
0.00102281702501096972 0.00040086076984134010
0.00107020623080298391 0.00041943346960232879
0.00107020623080298391 0.00041943346960232879
0.00088222904782799460 0.00034576176055040682
0.00060026327336551108 0.00023525419697252388
0.00147538394032470399 0.00057823005255878241
0.00012637121544537081 0.00004952719936263662
0.00012637121544537081 0.00004952719936263662
0.00012637121544537081 0.00004952719936263662
0.00027643703378674861 0.00010834074860576761
0.00087670030715225979 0.00034359494557829152
0.00087670030715225979 0.00034359494557829152
0.00087670030715225979 0.00034359494557829152
0.00087670030715225979 0.00034359494557829152
0.00049126810004387889 0.00019253698752224986
0.00066344888108819651 0.00026001779665384215
0.00066344888108819651 0.00026001779665384215
0.00066344888108819651 0.00026001779665384215
0.00066344888108819651 0.00026001779665384215
0.00078192189556823175 0.00030644954605631408
0.00095963141728828440 0.00037609717016002175
0.00095963141728828440 0.00037609717016002175
0.00095963141728828440 0.00037609717016002175
0.00095963141728828440 0.00037609717016002175
0.00095963141728828440 0.00037609717016002175
0.00095963141728828440 0.00037609717016002175
0.00124159719175076814 0.00048660473373790482
0.00142957437472575723 0.00056027644278982679
0.00152988152698552019 0.00059958865728391953
0.00196270293988591582 0.00076921931510095002
0.00186002632733655118 0.00072897846561880764
0.00679561211057481268 0.00266332514572578411
0.00130715225976305396 0.00051229696840727243
0.00070688898639754288 0.00027704277143474846
0.00062790697674418609 0.00024608827183310067
0.00031197893813075908 0.00012227027342650912
0.00031197893813075908 0.00012227027342650912
0.00031197893813075908 0.00012227027342650912
0.00031197893813075908 0.00012227027342650912
0.00031197893813075908 0.00012227027342650912
0.00050153576129881522 0.00019656107247046408
0.00054892496709082941 0.00021513377223145280
0.00090039491004826689 0.00035288129545878589
0.00191689337428696798 0.00075126570533199408
0.00198639754278192183 0.00077850566498144423
0.00198639754278192183 0.00077850566498144423
0.00179842035980693296 0.00070483395592952237
0.00121632294866169384 0.00047669929386537742
0.00087670030715225979 0.00034359494557829152
0.00147696358051777098 0.00057884914255081543
0.00251873628784554660 0.00098713899229655117
0.00430215006581834147 0.00168609159330175996
0.00081746379991224228 0.00032037907087705556
0.00067529618253620017 0.00026466097159408942
0.00095647213690215019 0.00037485899017595593
0.00105046072838964485 0.00041169484470191691
0.00105046072838964485 0.00041169484470191691
0.00111443615620886367 0.00043676798937925172
0.00058051777095217191 0.00022751557207211195
0.00058051777095217191 0.00022751557207211195
0.00025827117156647649 0.00010122121369738859
0.00047784115840280829 0.00018727472258996968
0.00092803861342694157 0.00036371537031936260
0.00089723562966213257 0.00035164311547471996
0.00087670030715225979 0.00034359494557829152
0.00099043440105309362 0.00038816942500466449
0.00041070645019745510 0.00016096339792856900
0.00668582711715664732 0.00262029839127949325
0.00881044317683194259 0.00345297443056382129
0.00899999999999999932 0.00352726522960777628
0.00890522158841597182 0.00349011983008579814
0.00387643703378674851 0.00151924684044887795
0.00046204475647213688 0.00018108382266964011
0.00046204475647213688 0.00018108382266964011
0.00046204475647213688 0.00018108382266964011
0.00046204475647213688 0.00018108382266964011
0.00054260640631856067 0.00021265741226332094
0.00059631417288284337 0.00023370647199244150
0.00134664326458973252 0.00052777421820809640
0.00133637560333479586 0.00052375013325988221
0.00199350592365072450 0.00078129156994559271
0.00216805616498464207 0.00084970101406523413
0.00118078104431768309 0.00046276976904463578
0.00078666081614743306 0.00030830681603241287
0.00069030276437033803 0.00027054232651840251
0.00041070645019745510 0.00016096339792856900
0.00069030276437033803 0.00027054232651840251
0.00041070645019745510 0.00016096339792856900
0.00041070645019745510 0.00016096339792856900
0.00069030276437033803 0.00027054232651840251
0.00041070645019745510 0.00016096339792856900
0.00055050460728389640 0.00021575286222348566
0.00239631417288284354 0.00093915951791399680
0.00149433962264150944 0.00058565913246317789
0.00221544537077665669 0.00086827371382622320
0.00769442738043001322 0.00301558735119253655
0.00196665204036858277 0.00077076704008103224
0.00181658622202720502 0.00071195349083790133
0.00012637121544537081 0.00004952719936263662
0.00012637121544537081 0.00004952719936263662
0.00012637121544537081 0.00004952719936263662
0.00012637121544537081 0.00004952719936263662
0.00012637121544537081 0.00004952719936263662
0.00012637121544537081 0.00004952719936263662
0.00012637121544537081 0.00004952719936263662
0.00012637121544537081 0.00004952719936263662
0.00171075032909170682 0.00067047446137169313
0.00198244844229925445 0.00077695794000136190
0.00174550241333918440 0.00068409444119641827
0.00159227731461167180 0.00062404271196922121
0.00151645458534444911 0.00059432639235163930
0.00191136463361123339 0.00074909889035987872
0.00222729267222466012 0.00087291688876647020
0.00735875383940324656 0.00288403072788553276
0.00206932865291794632 0.00081100788956317451
0.00107731461167178571 0.00042221937456647716
0.00091619131197893825 0.00035907219537911544
0.00091619131197893825 0.00035907219537911544
0.00119815708644142155 0.00046957975895699840
0.00138613426941641086 0.00054325146800892048
0.00142720491443615641 0.00055934780780177726
0.00143747257569109286 0.00056337189274999146
0.00622536200087757657 0.00243983365860188546
0.00096752961825361992 0.00037919262012018658
0.00108600263273365516 0.00042562436952265839
0.00096752961825361992 0.00037919262012018658
0.00140193067134708211 0.00054944236792924992
0.00185212812637121577 0.00072588301565864287
0.00209381307591048659 0.00082060378443968545
0.00225493637560333481 0.00088375096362704707
0.00225493637560333481 0.00088375096362704707
0.00126292233435717398 0.00049496244863034961
0.00106072838964458107 0.00041571892965013105
0.00086090390522158844 0.00033740404565796192
0.00081351469942957447 0.00031883134589697322
0.00081351469942957447 0.00031883134589697322
0.00081351469942957447 0.00031883134589697322
0.00081351469942957447 0.00031883134589697322
0.00109548047389205778 0.00042933890947485608
0.00128345765686704708 0.00050301061852677811
0.00163255813953488375 0.00063982950676606180
0.00155199648968845942 0.00060825591717238083
0.00466151820974111328 0.00182693456648925752
0.00822676612549363973 0.00322422067850764316
0.00121632294866169384 0.00047669929386537742
0.00066344888108819651 0.00026001779665384215
0.00066344888108819651 0.00026001779665384215
0.00099517332163229482 0.00039002669498076334
0.00066344888108819651 0.00026001779665384215
0.00143747257569109286 0.00056337189274999146
0.00215383940324703803 0.00084412920413693771
0.00293023255813953465 0.00114841193522113643
0.00296182536200087802 0.00116079373506179553
0.00258271171566476498 0.00101221213697388619
0.00181658622202720502 0.00071195349083790133
0.00112154453707766547 0.00043955389434339993
0.00136638876700307158 0.00053551284310850839
0.00133321632294866187 0.00052251195327581627
0.00131110136024572177 0.00051384469338735487
0.00130636243966652035 0.00051198742341125592
0.00100307152259763023 0.00039312214494092811
0.00109784993418165881 0.00043026754446290561
0.00161123299692847704 0.00063147179187361679
0.00205353225098727507 0.00080481698964284486
0.00238525669153137306 0.00093482588796976599
0.00328170250109697170 0.00128615945844846977
0.00327617376042123711 0.00128399264347635431
0.00272487933304080667 0.00106793023625685168
0.00273909609477841201 0.00107350204618514864
0.00245239139973672717 0.00096113721263116683
0.00240974111452391419 0.00094442178284627671
0.00281254936375603453 0.00110228973081468134
0.00221544537077665669 0.00086827371382622320
0.00240500219394471299 0.00094256451287017798
0.00260877577885037289 0.00102242712184242961
0.00272487933304080667 0.00106793023625685168
0.00246028960070206280 0.00096423266259133161
0.00255506801228609073 0.00100137806211330910
0.00239710399297937693 0.00093946906291001320
0.00299736726634488833 0.00117472325988253728
0.00310004387889425232 0.00121496410936467966
0.00267354102676612511 0.00104780981151578081
0.00267354102676612511 0.00104780981151578081
0.00791004826678367787 0.00310009313510503561
0.00223913997367266400 0.00087756006370671741
0.00239710399297937693 0.00093946906291001320
0.00227073277753400606 0.00088994186354737661
0.00208117595436595020 0.00081565106450342184
0.00012637121544537081 0.00004952719936263662
0.00012637121544537081 0.00004952719936263662
