0.00015630538030764868 0.00006125894812886547
0.00039363436591762950 0.00015427253467555099
0.00070496916424470123 0.00027629035788733197
0.00078152690153824342 0.00030629474064432731
0.00078152690153824342 0.00030629474064432731
0.00078152690153824342 0.00030629474064432731
0.00083256539306727161 0.00032629766248232423
0.00078599276954703331 0.00030804499630515203
0.00100801020769830554 0.00039505770630043853
0.00104628907634507669 0.00041005989767893612
0.00100801020769830554 0.00039505770630043853
0.00098312894307790439 0.00038530628190441499
0.00015630538030764868 0.00006125894812886547
0.00015630538030764868 0.00006125894812886547
0.00015630538030764868 0.00006125894812886547
0.00015630538030764868 0.00006125894812886547
0.00015630538030764868 0.00006125894812886547
0.00015630538030764868 0.00006125894812886547
0.00015630538030764868 0.00006125894812886547
0.00073048841000921522 0.00028629181880633040
0.00083830722336428708 0.00032854799118909884
0.00126958247678457493 0.00049757268072017256
0.00126958247678457493 0.00049757268072017256
0.00092507265896363505 0.00036255295831369363
0.00058758063372793643 0.00023028363765993914
0.00015630538030764868 0.00006125894812886547
0.00015630538030764868 0.00006125894812886547
0.00015630538030764868 0.00006125894812886547
0.00015630538030764868 0.00006125894812886547
0.00015630538030764868 0.00006125894812886547
0.00015630538030764868 0.00006125894812886547
0.00015630538030764868 0.00006125894812886547
0.00015630538030764868 0.00006125894812886547
0.00027114198624796201 0.00010626552226435844
0.00073048841000921522 0.00028629181880633040
0.00073048841000921522 0.00028629181880633040
0.00073048841000921522 0.00028629181880633040
0.00073048841000921522 0.00028629181880633040
0.00027114198624796201 0.00010626552226435844
0.00015630538030764868 0.00006125894812886547
0.00015630538030764868 0.00006125894812886547
0.00015630538030764868 0.00006125894812886547
0.00015630538030764868 0.00006125894812886547
0.00015630538030764868 0.00006125894812886547
0.00026412419366272059 0.00010351512051163388
0.00069539944708300839 0.00027253981004270753
0.00069539944708300839 0.00027253981004270753
0.00092507265896363505 0.00036255295831369363
0.00116176366342950308 0.00045531650833740411
0.00073048841000921522 0.00028629181880633040
0.00073048841000921522 0.00028629181880633040
0.00073048841000921522 0.00028629181880633040
0.00015630538030764868 0.00006125894812886547
0.00015630538030764868 0.00006125894812886547
0.00015630538030764868 0.00006125894812886547
0.00015630538030764868 0.00006125894812886547
0.00015630538030764868 0.00006125894812886547
0.00026412419366272059 0.00010351512051163388
0.00069539944708300839 0.00027253981004270753
0.00069539944708300839 0.00027253981004270753
0.00069539944708300839 0.00027253981004270753
0.00081725384560856298 0.00032029678593092507
0.00073048841000921522 0.00028629181880633040
0.00073048841000921522 0.00028629181880633040
0.00073048841000921522 0.00028629181880633040
0.00073048841000921522 0.00028629181880633040
0.00015630538030764868 0.00006125894812886547
0.00015630538030764868 0.00006125894812886547
0.00015630538030764868 0.00006125894812886547
0.00015630538030764868 0.00006125894812886547
0.00015630538030764868 0.00006125894812886547
0.00069539944708300839 0.00027253981004270753
0.00069539944708300839 0.00027253981004270753
0.00069539944708300839 0.00027253981004270753
0.00069539944708300839 0.00027253981004270753
0.00061565180406890200 0.00024128524467083746
0.00073048841000921522 0.00028629181880633040
0.00073048841000921522 0.00028629181880633040
0.00073048841000921522 0.00028629181880633040
0.00050081519812858867 0.00019627867053534446
0.00015630538030764868 0.00006125894812886547
0.00015630538030764868 0.00006125894812886547
0.00015630538030764868 0.00006125894812886547
0.00058758063372793643 0.00023028363765993914
0.00069539944708300839 0.00027253981004270753
0.00069539944708300839 0.00027253981004270753
0.00069539944708300839 0.00027253981004270753
0.00026412419366272059 0.00010351512051163388
0.00038597859218827529 0.00015127209639985146
0.00073048841000921522 0.00028629181880633040
0.00095378181044871336 0.00037380460184756683
0.00098249096193379166 0.00038505624538143999
0.00142588785709222361 0.00055883162884903792
0.00085170482739065708 0.00033379875817157305
0.00085170482739065708 0.00033379875817157305
0.00085170482739065708 0.00033379875817157305
0.00106734245410080100 0.00041831110293710989
0.00139079889416601678 0.00054507962008541505
0.00139079889416601678 0.00054507962008541505
0.00139079889416601678 0.00054507962008541505
0.00421195151343304718 0.00165074112468069313
0.00844368044233359191 0.00330923338157360991
0.00878819026015453288 0.00344425310398008885
0.00899999999999999932 0.00352726522960777628
0.00897320479194725976 0.00351676369564282850
0.00897320479194725976 0.00351676369564282850
0.00885836818600694610 0.00347175712150733437
0.00839902176224569322 0.00329173082496536261
0.00839902176224569322 0.00329173082496536261
0.00839902176224569322 0.00329173082496536261
0.00819167789040901873 0.00321046895499850190
0.00858084638831785665 0.00336299123401322727
0.00575969376905082452 0.00225732972941794854
0.00152796484015027979 0.00059883747252503176
0.00152796484015027979 0.00059883747252503176
0.00152796484015027979 0.00059883747252503176
0.00131232721344013608 0.00051432512775949487
0.00098887077337492029 0.00038755661061118970
0.00098887077337492029 0.00038755661061118970
0.00098887077337492029 0.00038755661061118970
0.00083320337421138434 0.00032654769900529918
0.00059970227546608053 0.00023503433159646338
0.00471531863613808711 0.00184801994130793677
0.00190501169632097513 0.00074660905760323367
0.00075919756149429374 0.00029754346234020366
0.00121854398525554695 0.00047756975888217569
0.00121854398525554695 0.00047756975888217569
0.00121854398525554695 0.00047756975888217569
0.00121854398525554695 0.00047756975888217569
0.00086701637484936549 0.00033979963472297210
0.00118345502232934012 0.00046381775011855293
0.00118345502232934012 0.00046381775011855293
0.00118345502232934012 0.00046381775011855293
0.00107563620897426783 0.00042156157773578438
0.00412965194584248834 0.00161848641321692284
0.00064436095555398020 0.00025253688820471066
0.00064436095555398020 0.00025253688820471066
0.00062649748351882042 0.00024553586556141173
0.00059970227546608053 0.00023503433159646338
0.00059970227546608053 0.00023503433159646338
0.00059970227546608053 0.00023503433159646338
0.00067626001275962282 0.00026503871435345870
0.00059970227546608053 0.00023503433159646338
0.00081533990217622445 0.00031954667636200024
0.00113879634224144078 0.00044631519351030557
0.00113879634224144078 0.00044631519351030557
0.00136846955412206679 0.00053632834178129140
0.00149734174523286317 0.00058683571942223366
0.00117388530516764717 0.00046006720227392839
0.00117388530516764717 0.00046006720227392839
0.00117388530516764717 0.00046006720227392839
0.00059970227546608053 0.00023503433159646338
0.00015630538030764868 0.00006125894812886547
0.00015630538030764868 0.00006125894812886547
0.00015630538030764868 0.00006125894812886547
0.00015630538030764868 0.00006125894812886547
0.00015630538030764868 0.00006125894812886547
0.00015630538030764868 0.00006125894812886547
0.00015630538030764868 0.00006125894812886547
0.00015630538030764868 0.00006125894812886547
0.00015630538030764868 0.00006125894812886547
0.00131806904373715154 0.00051657545646626953
0.00247983270716665462 0.00097189196480367359
0.00018820443751329128 0.00007376077427761353
0.00050081519812858867 0.00019627867053534446
0.00073048841000921522 0.00028629181880633040
0.00073048841000921522 0.00028629181880633040
0.00073048841000921522 0.00028629181880633040
0.00061565180406890200 0.00024128524467083746
0.00015630538030764868 0.00006125894812886547
0.00047976182037286457 0.00018802746527717080
0.00069539944708300839 0.00027253981004270753
0.00069539944708300839 0.00027253981004270753
0.00069539944708300839 0.00027253981004270753
0.00037194300701779250 0.00014577129289440231
0.00015630538030764868 0.00006125894812886547
0.00015630538030764868 0.00006125894812886547
0.00015630538030764868 0.00006125894812886547
0.00027114198624796201 0.00010626552226435844
0.00073048841000921522 0.00028629181880633040
0.00073048841000921522 0.00028629181880633040
0.00073048841000921522 0.00028629181880633040
0.00073048841000921522 0.00028629181880633040
0.00027114198624796201 0.00010626552226435844
0.00015630538030764868 0.00006125894812886547
0.00015630538030764868 0.00006125894812886547
0.00015630538030764868 0.00006125894812886547
0.00015630538030764868 0.00006125894812886547
0.00026412419366272059 0.00010351512051163388
0.00069539944708300839 0.00027253981004270753
0.00069539944708300839 0.00027253981004270753
0.00069539944708300839 0.00027253981004270753
0.00058758063372793643 0.00023028363765993914
0.00027114198624796201 0.00010626552226435844
0.00073048841000921522 0.00028629181880633040
0.00073048841000921522 0.00028629181880633040
0.00073048841000921522 0.00028629181880633040
0.00073048841000921522 0.00028629181880633040
0.00027114198624796201 0.00010626552226435844
0.00015630538030764868 0.00006125894812886547
0.00015630538030764868 0.00006125894812886547
0.00015630538030764868 0.00006125894812886547
0.00015630538030764868 0.00006125894812886547
0.00015630538030764868 0.00006125894812886547
0.00247983270716665462 0.00097189196480367359
0.00144566527255972203 0.00056658276106126180
0.00028390160913021906 0.00011126625272385768
0.00034131991210037573 0.00013376953979160413
0.00037959878074714693 0.00014877173117010186
0.00465853831431204280 0.00182576669076316557
0.00043063727227617485 0.00016877465300809875
0.00044339689515843201 0.00017377538346759794
0.00025200255192457644 0.00009876442657510965
0.00059651236974551632 0.00023378414898158860
0.00161983412490253028 0.00063484273183342626
0.00082618558162614298 0.00032379729725257457
0.00126958247678457493 0.00049757268072017256
0.00137038349755440542 0.00053707845135021639
0.00123449351385836788 0.00048382067195654969
0.00123449351385836788 0.00048382067195654969
0.00123449351385836788 0.00048382067195654969
0.00101885588714822461 0.00039930832719101280
0.00059970227546608053 0.00023503433159646338
0.00059970227546608053 0.00023503433159646338
0.00059970227546608053 0.00023503433159646338
0.00067753597504784861 0.00026553878739940870
0.00098887077337492029 0.00038755661061118970
0.00098887077337492029 0.00038755661061118970
0.00098887077337492029 0.00038755661061118970
0.00098887077337492029 0.00038755661061118970
0.00098887077337492029 0.00038755661061118970
0.00098887077337492029 0.00038755661061118970
0.00098887077337492029 0.00038755661061118970
0.00125682285390231788 0.00049257195026067334
0.00209002622811370201 0.00081911964926597235
0.00219784504146877408 0.00086137582164874096
0.00572779471184518222 0.00224482790326920078
0.00224250372155667364 0.00087887837825698816
0.00123704543843481947 0.00048482081804844952
0.00112922662507974761 0.00044256464566568108
0.00112922662507974761 0.00044256464566568108
0.00112922662507974761 0.00044256464566568108
0.00112922662507974761 0.00044256464566568108
0.00112922662507974761 0.00044256464566568108
0.00112922662507974761 0.00044256464566568108
0.00112922662507974761 0.00044256464566568108
0.00126958247678457493 0.00049757268072017256
0.00184759339335081895 0.00072410577053548736
0.00198093145247040534 0.00077636340383725418
0.00196179201814701901 0.00076886230814800542
0.00232671723257957003 0.00091188319928968322
0.00200900262281137037 0.00078736501084815250
0.00191394343233855513 0.00075010956892488322
0.00191394343233855513 0.00075010956892488322
0.00170213369249308825 0.00066709744329719611
0.00138441908272488837 0.00054257925485566561
0.00139717870560714520 0.00054757998531516461
0.00124406323102006105 0.00048757121980117413
0.00119302473949103264 0.00046756829796317721
0.00134614021407811722 0.00052757706347716796
0.00138441908272488837 0.00054257925485566561
0.00151839512298858770 0.00059508692468040743
0.00142269795137165951 0.00055758144623416325
0.00138441908272488837 0.00054257925485566561
0.00138441908272488837 0.00054257925485566561
0.00185397320479194759 0.00072660613576523692
0.00259339335081874151 0.00101639846589321654
0.00259339335081874151 0.00101639846589321654
0.00259339335081874151 0.00101639846589321654
0.00219018926773941998 0.00085837538337304141
0.00198412135819096879 0.00077761358645212907
0.00160133267172325820 0.00062759167266715227
0.00143545757425391635 0.00056258217669366236
0.00158857304884100071 0.00062259094220765306
0.00176082795775147076 0.00069010080341089252
0.00187885446941234830 0.00073635756016126046
0.00116941943715885717 0.00045831694661310367
0.00096590345218685756 0.00037855529578409110
0.00139717870560714520 0.00054757998531516461
0.00178634720351598529 0.00070010226432989117
0.00151839512298858770 0.00059508692468040743
0.00186354292195363988 0.00073035668360986136
0.00153434465159140885 0.00060133783775478153
0.00170021974906074962 0.00066634733372827111
0.00161728220032607913 0.00063384258574152627
0.00141950804565109520 0.00055633126361928837
0.00101120011341887008 0.00039630788891531336
0.00096016162188984199 0.00037630496707731644
