0.00024062191510365249 0.00009430414606963861
0.00024062191510365249 0.00009430414606963861
0.00021100691016781838 0.00008269748193799080
0.00490498519249753240 0.00192235374680417180
0.00121791707798617936 0.00047732406241401704
0.00121791707798617936 0.00047732406241401704
0.00035908193484698907 0.00014073080259622994
0.00517300098716683057 0.00202739405719558471
0.00122532082922013831 0.00048022572844692900
0.00126974333662388918 0.00049763572464440065
0.00142300098716683114 0.00055770021152567832
0.00177986179664363299 0.00069756051431203476
0.00199901283316880531 0.00078344982888622872
0.00211006910167818324 0.00082697481937990796
0.00213524185587364319 0.00083684048389180872
0.00162882527147087874 0.00063836652724063084
0.00174728529121421518 0.00068479318376722209
0.00177690029615004946 0.00069639984789887004
0.00180651530108588330 0.00070800651203051766
0.00180651530108588330 0.00070800651203051766
0.00180355380059229998 0.00070684584561735294
0.00156959526159920998 0.00061515319897733494
0.00189610069101678173 0.00074311667102875236
0.00203973346495557768 0.00079940899206724448
0.00203973346495557768 0.00079940899206724448
0.00259131293188548861 0.00101558311151918519
0.00208785784797630835 0.00081826982128117213
0.00207305034550839089 0.00081246648921534821
0.00222704837117472867 0.00087282114269991696
0.00204121421520236934 0.00079998932527382684
0.00162512339585389937 0.00063691569422417483
0.00163252714708785746 0.00063981736025708674
0.00188795656465942760 0.00073992483839254927
0.00208563672260612043 0.00081739932147129859
0.00229516288252714761 0.00089951647020270712
0.00195829220138203381 0.00076749066570521297
0.00059600197433366245 0.00023358411564941263
0.00034723593287265547 0.00013608813694357085
0.00018139190523198419 0.00007109081780634298
0.00053899308983218160 0.00021124128719599052
0.00077739387956564658 0.00030467493345575557
0.00077739387956564658 0.00030467493345575557
0.00077739387956564658 0.00030467493345575557
0.00065819348469891409 0.00025795811032587314
0.00018139190523198419 0.00007109081780634298
0.00018139190523198419 0.00007109081780634298
0.00018139190523198419 0.00007109081780634298
0.00018139190523198419 0.00007109081780634298
0.00018139190523198419 0.00007109081780634298
0.00059600197433366245 0.00023358411564941263
0.00059600197433366245 0.00023358411564941263
0.00059600197433366245 0.00023358411564941263
0.00043015794669299111 0.00016858679651218474
0.00065819348469891409 0.00025795811032587314
0.00077739387956564658 0.00030467493345575557
0.00077739387956564658 0.00030467493345575557
0.00077739387956564658 0.00030467493345575557
0.00053899308983218160 0.00021124128719599052
0.00018139190523198419 0.00007109081780634298
0.00018139190523198419 0.00007109081780634298
0.00018139190523198419 0.00007109081780634298
0.00018139190523198419 0.00007109081780634298
0.00018139190523198419 0.00007109081780634298
0.00018139190523198419 0.00007109081780634298
0.00059600197433366245 0.00023358411564941263
0.00059600197433366245 0.00023358411564941263
0.00059600197433366245 0.00023358411564941263
0.00043015794669299111 0.00016858679651218474
0.00041979269496544906 0.00016452446406610801
0.00077739387956564658 0.00030467493345575557
0.00077739387956564658 0.00030467493345575557
0.00077739387956564658 0.00030467493345575557
0.00077739387956564658 0.00030467493345575557
0.00018139190523198419 0.00007109081780634298
0.00018139190523198419 0.00007109081780634298
0.00018139190523198419 0.00007109081780634298
0.00018139190523198419 0.00007109081780634298
0.00018139190523198419 0.00007109081780634298
0.00018139190523198419 0.00007109081780634298
0.00018139190523198419 0.00007109081780634298
0.00018139190523198419 0.00007109081780634298
0.00018139190523198419 0.00007109081780634298
0.00018139190523198419 0.00007109081780634298
0.00018139190523198419 0.00007109081780634298
0.00059600197433366245 0.00023358411564941263
0.00083440276406712731 0.00032701776190917765
0.00119200394866732489 0.00046716823129882516
0.00102615992102665361 0.00040217091216159748
0.00135118460019743370 0.00052955405100643237
0.00178430404738400819 0.00069930151393178183
0.00118830207305034552 0.00046571739828236931
0.00123272458045409683 0.00048312739447984096
0.00153479763079960511 0.00060151536862264885
0.00292300098716683117 0.00114557774979364086
0.00879565646594274511 0.00344717924709940634
0.00873346495557749194 0.00342280525242294508
0.00869200394866732548 0.00340655592263863901
0.00899999999999999932 0.00352726522960777628
0.00185463968410661440 0.00072686734124444553
0.00190054294175715692 0.00074485767064849965
0.00188055281342546930 0.00073702317235963737
0.00116979269496544913 0.00045846323320008944
0.00140819348469891389 0.00055189687945985440
0.00176579466929911158 0.00069204734884950202
0.00104392892398815417 0.00040913491064058612
0.00104392892398815417 0.00040913491064058612
0.00104392892398815417 0.00040913491064058612
0.00044792694965449157 0.00017555079499117346
0.00044792694965449157 0.00017555079499117346
0.00044792694965449157 0.00017555079499117346
0.00071001974333662391 0.00027826977255625680
0.00044792694965449157 0.00017555079499117346
0.00077961500493583418 0.00030554543326562921
0.00112462981243830200 0.00044076307039932639
0.00086253701875616971 0.00033804409283424308
0.00091066140177690038 0.00035690492204817090
0.00093657453109575518 0.00036706075316336268
0.00104392892398815417 0.00040913491064058612
0.00167250740375123421 0.00065548635683481131
0.00245656465942744370 0.00096277278972018766
0.00065819348469891409 0.00025795811032587314
0.00018139190523198419 0.00007109081780634298
0.00018139190523198419 0.00007109081780634298
0.00018139190523198419 0.00007109081780634298
0.00018139190523198419 0.00007109081780634298
0.00018139190523198419 0.00007109081780634298
0.00026431391905231989 0.00010358947737495692
0.00059600197433366245 0.00023358411564941263
0.00059600197433366245 0.00023358411564941263
0.00059600197433366245 0.00023358411564941263
0.00034723593287265547 0.00013608813694357085
0.00018139190523198419 0.00007109081780634298
0.00018139190523198419 0.00007109081780634298
0.00018139190523198419 0.00007109081780634298
0.00018139190523198419 0.00007109081780634298
0.00018139190523198419 0.00007109081780634298
0.00018139190523198419 0.00007109081780634298
0.00053899308983218160 0.00021124128719599052
0.00077739387956564658 0.00030467493345575557
0.00077739387956564658 0.00030467493345575557
0.00077739387956564658 0.00030467493345575557
0.00065819348469891409 0.00025795811032587314
0.00018139190523198419 0.00007109081780634298
0.00018139190523198419 0.00007109081780634298
0.00018139190523198419 0.00007109081780634298
0.00018139190523198419 0.00007109081780634298
0.00018139190523198419 0.00007109081780634298
0.00018139190523198419 0.00007109081780634298
0.00018139190523198419 0.00007109081780634298
0.00018139190523198419 0.00007109081780634298
0.00018139190523198419 0.00007109081780634298
0.00018139190523198419 0.00007109081780634298
0.00018139190523198419 0.00007109081780634298
0.00018139190523198419 0.00007109081780634298
0.00018139190523198419 0.00007109081780634298
0.00018139190523198419 0.00007109081780634298
0.00026431391905231989 0.00010358947737495692
0.00119200394866732489 0.00046716823129882516
0.00119200394866732489 0.00046716823129882516
0.00119200394866732489 0.00046716823129882516
0.00094323790720631797 0.00036967225259298346
0.00041979269496544906 0.00016452446406610801
0.00018139190523198419 0.00007109081780634298
0.00018139190523198419 0.00007109081780634298
0.00018139190523198419 0.00007109081780634298
0.00018139190523198419 0.00007109081780634298
0.00018139190523198419 0.00007109081780634298
0.00018139190523198419 0.00007109081780634298
0.00018139190523198419 0.00007109081780634298
0.00018139190523198419 0.00007109081780634298
0.00018139190523198419 0.00007109081780634298
0.00043015794669299111 0.00016858679651218474
0.00059600197433366245 0.00023358411564941263
0.00059600197433366245 0.00023358411564941263
0.00059600197433366245 0.00023358411564941263
0.00018139190523198419 0.00007109081780634298
0.00018139190523198419 0.00007109081780634298
0.00018139190523198419 0.00007109081780634298
0.00018139190523198419 0.00007109081780634298
0.00018139190523198419 0.00007109081780634298
0.00018139190523198419 0.00007109081780634298
0.00018139190523198419 0.00007109081780634298
0.00018139190523198419 0.00007109081780634298
0.00018139190523198419 0.00007109081780634298
0.00051307996051332681 0.00020108545608079871
0.00119200394866732489 0.00046716823129882516
0.00119200394866732489 0.00046716823129882516
0.00110908193484698914 0.00043466957173021118
0.00077739387956564658 0.00030467493345575557
0.00041979269496544906 0.00016452446406610801
0.00018139190523198419 0.00007109081780634298
0.00024062191510365249 0.00009430414606963861
0.00032946692991115502 0.00012912413846458216
0.00032946692991115502 0.00012912413846458216
0.00029985192497532080 0.00011751747433293428
0.00023692003948667332 0.00009285331305318267
0.00023692003948667332 0.00009285331305318267
0.00023692003948667332 0.00009285331305318267
0.00042053307008884500 0.00016481463066939919
0.00081293188548864760 0.00031860293041373306
0.00067670286278381038 0.00026521227540815290
0.00139930898321816372 0.00054841488022036003
0.00150666337611056272 0.00059048903769758348
0.00150666337611056272 0.00059048903769758348
0.00192127344521224081 0.00075298233554065312
0.00144447186574531107 0.00056611504302112297
0.00141707798617966428 0.00055537887869934878
0.00156293188548864751 0.00061254169954771433
0.00131416584402764070 0.00051504572084187252
0.00131416584402764070 0.00051504572084187252
0.00131416584402764070 0.00051504572084187252
0.00133637709772951624 0.00052375071894060835
0.00136969397828232966 0.00053680821608871219
0.00136969397828232966 0.00053680821608871219
0.00178356367226061214 0.00069901134732849055
0.00234698914116485699 0.00091982813243309078
0.00171841066140177717 0.00067347668623886554
0.00135118460019743370 0.00052955405100643237
0.00127196446199407710 0.00049850622445427441
0.00074777887462981242 0.00029306826932410767
0.00074777887462981242 0.00029306826932410767
0.00115054294175715712 0.00045091890151451828
0.00115054294175715712 0.00045091890151451828
0.00072556762092793677 0.00028436327122537185
0.00069225074037512345 0.00027130577407726806
0.00069225074037512345 0.00027130577407726806
0.00069225074037512345 0.00027130577407726806
0.00069225074037512345 0.00027130577407726806
0.00060932872655478771 0.00023880711450865411
0.00062635735439289244 0.00024548094638435165
0.00119200394866732489 0.00046716823129882516
0.00119200394866732489 0.00046716823129882516
0.00119200394866732489 0.00046716823129882516
0.00110760118460019748 0.00043408923852362893
0.00070779861796643642 0.00027739927274638321
0.00068040473840078964 0.00026666310842460891
0.00104763079960513332 0.00041058574365704197
0.00115128331688055274 0.00045120906811780940
0.00115128331688055274 0.00045120906811780940
0.00115128331688055274 0.00045120906811780940
0.00115128331688055274 0.00045120906811780940
0.00158070088845014829 0.00061950569802670307
0.00168805528134254685 0.00066157985550392641
0.00185389930898321813 0.00072657717464115425
0.00210266535044422494 0.00082407315334699595
0.00301258637709772917 0.00118068790879187566
0.00350937808489634826 0.00137538969960026799
0.00362931885488647571 0.00142239668933344214
0.00388252714708785772 0.00152163366765903038
0.00340720631786772029 0.00133534670834608302
0.00270607107601184525 0.00106055893502932032
0.00284896347482724516 0.00111656108946452137
0.00322803553800592256 0.00126512639034961341
0.00278381046396841084 0.00109102642837489647
0.00280750246791707826 0.00110031175968021444
0.00281342546890424490 0.00110263309250654387
0.00510858835143139164 0.00200214956270925067
0.00339461994076998988 0.00133041387609013264
0.00186944718657453077 0.00073267067331026935
0.00191386969397828251 0.00075008066950774121
0.00235957551826258610 0.00092476096468904084
0.00343978282329713680 0.00134811403889089558
0.00365745310957551768 0.00143342302025850675
0.00377591312931885477 0.00147984967678509854
0.00362783810463968319 0.00142181635612685956
0.00307329713721618981 0.00120448157026175348
0.00313030602171767043 0.00122682439871517595
0.00297260612043435263 0.00116501891221415087
0.00292966436327739364 0.00114818924922326180
0.00308736426456071057 0.00120999473572428644
0.00291707798617966366 0.00114325641696731142
0.00280972359328726488 0.00110118225949008787
0.00275049358341559677 0.00107796893122679240
0.00275049358341559677 0.00107796893122679240
0.00303701875616979285 0.00119026340670048514
0.00322063178677196469 0.00126222472431670161
0.00367596248766041429 0.00144067718534078722
0.00363005923000987198 0.00142268685593673321
0.00373815399802566659 0.00146505118001724762
0.00423494570582428481 0.00165975297082564016
0.00119200394866732489 0.00046716823129882516
0.00107280355380059218 0.00042045140816894267
0.00026431391905231989 0.00010358947737495692
0.00018139190523198419 0.00007109081780634298
0.00018139190523198419 0.00007109081780634298
0.00018139190523198419 0.00007109081780634298
0.00018139190523198419 0.00007109081780634298
0.00018139190523198419 0.00007109081780634298
