0.00024686148327882692 0.00009674954738875640
0.00024686148327882692 0.00009674954738875640
0.00024686148327882692 0.00009674954738875640
0.00024686148327882692 0.00009674954738875640
0.00024686148327882692 0.00009674954738875640
0.00024686148327882692 0.00009674954738875640
0.00024686148327882692 0.00009674954738875640
0.00024686148327882692 0.00009674954738875640
0.00024686148327882692 0.00009674954738875640
0.00024686148327882692 0.00009674954738875640
0.00024686148327882692 0.00009674954738875640
0.00024686148327882692 0.00009674954738875640
0.00024686148327882692 0.00009674954738875640
0.00024686148327882692 0.00009674954738875640
0.00024686148327882692 0.00009674954738875640
0.00024686148327882692 0.00009674954738875640
0.00024686148327882692 0.00009674954738875640
0.00024686148327882692 0.00009674954738875640
0.00024686148327882692 0.00009674954738875640
0.00024686148327882692 0.00009674954738875640
0.00024686148327882692 0.00009674954738875640
0.00024686148327882692 0.00009674954738875640
0.00024686148327882692 0.00009674954738875640
0.00024686148327882692 0.00009674954738875640
0.00024686148327882692 0.00009674954738875640
0.00024686148327882692 0.00009674954738875640
0.00024686148327882692 0.00009674954738875640
0.00024686148327882692 0.00009674954738875640
0.00024686148327882692 0.00009674954738875640
0.00024686148327882692 0.00009674954738875640
0.00024686148327882692 0.00009674954738875640
0.00024686148327882692 0.00009674954738875640
0.00024686148327882692 0.00009674954738875640
0.00024686148327882692 0.00009674954738875640
0.00024686148327882692 0.00009674954738875640
0.00024686148327882692 0.00009674954738875640
0.00024686148327882692 0.00009674954738875640
0.00024686148327882692 0.00009674954738875640
0.00024686148327882692 0.00009674954738875640
0.00024686148327882692 0.00009674954738875640
0.00024686148327882692 0.00009674954738875640
0.00024686148327882692 0.00009674954738875640
0.00024686148327882692 0.00009674954738875640
0.00024686148327882692 0.00009674954738875640
0.00024686148327882692 0.00009674954738875640
0.00024686148327882692 0.00009674954738875640
0.00024686148327882692 0.00009674954738875640
0.00024686148327882692 0.00009674954738875640
0.00024686148327882692 0.00009674954738875640
0.00024686148327882692 0.00009674954738875640
0.00024686148327882692 0.00009674954738875640
0.00024686148327882692 0.00009674954738875640
0.00024686148327882692 0.00009674954738875640
0.00024686148327882692 0.00009674954738875640
0.00024686148327882692 0.00009674954738875640
0.00024686148327882692 0.00009674954738875640
0.00024686148327882692 0.00009674954738875640
0.00024686148327882692 0.00009674954738875640
0.00024686148327882692 0.00009674954738875640
0.00024686148327882692 0.00009674954738875640
0.00024686148327882692 0.00009674954738875640
0.00024686148327882692 0.00009674954738875640
0.00024686148327882692 0.00009674954738875640
0.00024686148327882692 0.00009674954738875640
0.00024686148327882692 0.00009674954738875640
0.00024686148327882692 0.00009674954738875640
0.00024686148327882692 0.00009674954738875640
0.00024686148327882692 0.00009674954738875640
0.00024686148327882692 0.00009674954738875640
0.00024686148327882692 0.00009674954738875640
0.00024686148327882692 0.00009674954738875640
0.00024686148327882692 0.00009674954738875640
0.00024686148327882692 0.00009674954738875640
0.00024686148327882692 0.00009674954738875640
0.00058866969089566414 0.00023071045915780370
0.00148116889967296128 0.00058049728433253833
0.00281042304040510704 0.00110145638565661147
0.00339434539508386970 0.00133030627659540030
0.00899999999999999932 0.00352726522960777628
0.00316647325667264532 0.00124099900208270229
0.00335161936913176478 0.00131356116262426928
0.00323293596370925187 0.00126704695714890568
0.00283415972148960780 0.00111075922675168363
0.00296708513556282350 0.00116285513688409105
0.00304304251503323148 0.00119262422838832343
0.00498755142947568137 0.00195471297089668157
0.00693206034391813473 0.00271680171340504036
0.00304304251503323148 0.00119262422838832343
0.00287213841122481309 0.00112564377250380047
0.00261578225551218485 0.00102517308867701505
0.00233094208249815318 0.00091353899553614200
0.00191317649541090842 0.00074980899226286197
0.00253033020360797500 0.00099168286073475281
0.00253033020360797500 0.00099168286073475281
0.00245627175862432731 0.00096265799651812606
0.00234518409114885555 0.00091912070019318560
0.00234518409114885555 0.00091912070019318560
0.00239455638780462082 0.00093847060967093717
0.00240689946196856203 0.00094330808704037481
0.00240689946196856203 0.00094330808704037481
0.00240689946196856203 0.00094330808704037481
0.00240689946196856203 0.00094330808704037481
0.00240689946196856203 0.00094330808704037481
0.00240689946196856203 0.00094330808704037481
0.00240689946196856203 0.00094330808704037481
0.00240689946196856203 0.00094330808704037481
0.00024686148327882692 0.00009674954738875640
0.00024686148327882692 0.00009674954738875640
0.00024686148327882692 0.00009674954738875640
0.00024686148327882692 0.00009674954738875640
0.00024686148327882692 0.00009674954738875640
0.00024686148327882692 0.00009674954738875640
0.00024686148327882692 0.00009674954738875640
0.00024686148327882692 0.00009674954738875640
0.00024686148327882692 0.00009674954738875640
0.00024686148327882692 0.00009674954738875640
0.00024686148327882692 0.00009674954738875640
0.00024686148327882692 0.00009674954738875640
0.00024686148327882692 0.00009674954738875640
0.00024686148327882692 0.00009674954738875640
0.00024686148327882692 0.00009674954738875640
0.00024686148327882692 0.00009674954738875640
0.00024686148327882692 0.00009674954738875640
0.00024686148327882692 0.00009674954738875640
0.00024686148327882692 0.00009674954738875640
0.00024686148327882692 0.00009674954738875640
0.00024686148327882692 0.00009674954738875640
0.00024686148327882692 0.00009674954738875640
0.00024686148327882692 0.00009674954738875640
0.00024686148327882692 0.00009674954738875640
0.00024686148327882692 0.00009674954738875640
0.00024686148327882692 0.00009674954738875640
0.00098269859689840695 0.00038513762133601098
0.00098269859689840695 0.00038513762133601098
0.00098269859689840695 0.00038513762133601098
0.00093332630024264168 0.00036578771185825974
0.00092098322607870025 0.00036095023448882188
0.00092098322607870025 0.00036095023448882188
0.00092098322607870025 0.00036095023448882188
0.00094946724338010357 0.00037211364380290918
0.00099219326933220795 0.00038885875777404009
0.00099219326933220795 0.00038885875777404009
0.00099219326933220795 0.00038885875777404009
0.00099219326933220795 0.00038885875777404009
0.00099219326933220795 0.00038885875777404009
0.00099219326933220795 0.00038885875777404009
0.00121721700601329277 0.00047704969135532971
0.00117733938179132827 0.00046142091831560741
0.00117733938179132827 0.00046142091831560741
0.00117733938179132827 0.00046142091831560741
0.00117733938179132827 0.00046142091831560741
0.00117733938179132827 0.00046142091831560741
0.00117733938179132827 0.00046142091831560741
0.00117733938179132827 0.00046142091831560741
0.00116974364384428734 0.00045844400916518409
0.00116784470935752771 0.00045769978187757841
0.00024686148327882692 0.00009674954738875640
0.00024686148327882692 0.00009674954738875640
0.00024686148327882692 0.00009674954738875640
0.00024686148327882692 0.00009674954738875640
0.00024686148327882692 0.00009674954738875640
0.00024686148327882692 0.00009674954738875640
0.00024686148327882692 0.00009674954738875640
0.00024686148327882692 0.00009674954738875640
0.00024686148327882692 0.00009674954738875640
0.00024686148327882692 0.00009674954738875640
0.00024686148327882692 0.00009674954738875640
0.00024686148327882692 0.00009674954738875640
0.00024686148327882692 0.00009674954738875640
0.00024686148327882692 0.00009674954738875640
0.00024686148327882692 0.00009674954738875640
0.00024686148327882692 0.00009674954738875640
0.00024686148327882692 0.00009674954738875640
0.00024686148327882692 0.00009674954738875640
0.00024686148327882692 0.00009674954738875640
0.00024686148327882692 0.00009674954738875640
0.00024686148327882692 0.00009674954738875640
0.00024686148327882692 0.00009674954738875640
0.00024686148327882692 0.00009674954738875640
0.00024686148327882692 0.00009674954738875640
0.00024686148327882692 0.00009674954738875640
0.00024686148327882692 0.00009674954738875640
0.00024686148327882692 0.00009674954738875640
0.00024686148327882692 0.00009674954738875640
0.00024686148327882692 0.00009674954738875640
0.00024686148327882692 0.00009674954738875640
0.00024686148327882692 0.00009674954738875640
0.00024686148327882692 0.00009674954738875640
0.00024686148327882692 0.00009674954738875640
0.00024686148327882692 0.00009674954738875640
0.00024686148327882692 0.00009674954738875640
0.00024686148327882692 0.00009674954738875640
0.00024686148327882692 0.00009674954738875640
0.00024686148327882692 0.00009674954738875640
0.00024686148327882692 0.00009674954738875640
0.00024686148327882692 0.00009674954738875640
0.00024686148327882692 0.00009674954738875640
0.00024686148327882692 0.00009674954738875640
0.00024686148327882692 0.00009674954738875640
0.00024686148327882692 0.00009674954738875640
0.00700137145268488279 0.00274396600940265360
0.00116784470935752771 0.00045769978187757841
0.00116784470935752771 0.00045769978187757841
0.00116784470935752771 0.00045769978187757841
0.00116784470935752771 0.00045769978187757841
0.00126753876991243775 0.00049677171447688382
0.00118683405422512927 0.00046514205475363651
0.00105390864015191487 0.00041304614462122930
0.00105390864015191487 0.00041304614462122930
0.00105390864015191487 0.00041304614462122930
0.00100453634349614938 0.00039369623514347790
0.00099219326933220795 0.00038885875777404009
0.00102922249182403201 0.00040337118988235357
0.00117259204557442756 0.00045956035009659280
0.00105390864015191487 0.00041304614462122930
0.00105390864015191487 0.00041304614462122930
0.00105390864015191487 0.00041304614462122930
0.00105390864015191487 0.00041304614462122930
0.00105390864015191487 0.00041304614462122930
0.00105390864015191487 0.00041304614462122930
0.00105390864015191487 0.00041304614462122930
0.00101118261419980995 0.00039630103065009829
0.00030857685409853356 0.00012093693423594548
0.00030857685409853356 0.00012093693423594548
0.00027154763160670961 0.00010642450212763203
0.00024686148327882692 0.00009674954738875640
0.00024686148327882692 0.00009674954738875640
0.00024686148327882692 0.00009674954738875640
0.00024686148327882692 0.00009674954738875640
0.00024686148327882692 0.00009674954738875640
0.00028389070577065087 0.00011126197949706984
0.00030857685409853356 0.00012093693423594548
0.00030857685409853356 0.00012093693423594548
0.00035130288005063843 0.00013768204820707643
0.00097320392446460595 0.00038141648489798194
0.00097320392446460595 0.00038141648489798194
0.00215813904420297581 0.00084581431236401276
0.00053549952526637818 0.00020987209510484080
0.00080229982065618734 0.00031443602901345822
0.00115835003692372584 0.00045397864543954920
0.00115835003692372584 0.00045397864543954920
0.00115835003692372584 0.00045397864543954920
0.00112132081443190221 0.00043946621333123572
0.00109663466610401958 0.00042979125859236015
0.00109663466610401958 0.00042979125859236015
0.00050321763899145472 0.00019722023121554187
0.00050321763899145472 0.00019722023121554187
0.00088775187256039665 0.00034792625695572008
0.00149446144108028285 0.00058570687534577890
0.00120962126806625184 0.00047407278220490639
0.00071684776875197804 0.00028094580107119641
0.00071684776875197804 0.00028094580107119641
0.00037788796286528120 0.00014810123023355787
0.00025920455744276824 0.00010158702475819419
0.00038453423356894187 0.00015070602574017821
0.00154383373773604856 0.00060505678482353047
0.00474543728241375723 0.00185982399172694040
0.00680388226606182082 0.00266656637149164733
0.00206034391813482475 0.00080748660705231288
0.00126279143369553769 0.00049491114625786932
0.00185525899356472185 0.00072711005999088465
0.00196919506277033448 0.00077176369724723365
0.00202236522839962032 0.00079260206130019658
0.00188943981432640549 0.00074050615116778927
0.00219326933220803915 0.00085958251718472030
0.00272212258677075655 0.00106684981678294068
0.00319495727397404831 0.00125216241139678927
0.00320919928262474938 0.00125774411605383287
0.00355100749024158660 0.00139170502782288031
0.00326616731722755623 0.00128007093468200770
0.00278478742483384382 0.00109140931727393282
0.00213155396138833223 0.00083539513033753119
0.00213155396138833223 0.00083539513033753119
0.00411404156556598784 0.00161236841859800552
0.00024686148327882692 0.00009674954738875640
0.00024686148327882692 0.00009674954738875640
0.00024686148327882692 0.00009674954738875640
0.00024686148327882692 0.00009674954738875640
0.00024686148327882692 0.00009674954738875640
0.00024686148327882692 0.00009674954738875640
0.00024686148327882692 0.00009674954738875640
0.00024686148327882692 0.00009674954738875640
0.00024686148327882692 0.00009674954738875640
0.00024686148327882692 0.00009674954738875640
0.00024686148327882692 0.00009674954738875640
0.00024686148327882692 0.00009674954738875640
0.00024686148327882692 0.00009674954738875640
0.00024686148327882692 0.00009674954738875640
