0.00018601512318074641 0.00007290274179740601
0.00110438247011952198 0.00043282776522677094
0.00155076022440848831 0.00060777140211275716
0.00027733962110740708 0.00010869448914719463
0.00028729164972762013 0.00011259487187121008
0.00037832344093015693 0.00014827190208205709
0.00018733230343930400 0.00007341896892264338
0.00015791527766485078 0.00006188989645900951
0.00004024717456703797 0.00001577360660447416
0.00004024717456703797 0.00001577360660447416
0.00004024717456703797 0.00001577360660447416
0.00004024717456703797 0.00001577360660447416
0.00004024717456703797 0.00001577360660447416
0.00004024717456703797 0.00001577360660447416
0.00004024717456703797 0.00001577360660447416
0.00004024717456703797 0.00001577360660447416
0.00004024717456703797 0.00001577360660447416
0.00004024717456703797 0.00001577360660447416
0.00004024717456703797 0.00001577360660447416
0.00004024717456703797 0.00001577360660447416
0.00018733230343930400 0.00007341896892264338
0.00018733230343930400 0.00007341896892264338
0.00015791527766485078 0.00006188989645900951
0.00004024717456703797 0.00001577360660447416
0.00004024717456703797 0.00001577360660447416
0.00004024717456703797 0.00001577360660447416
0.00004024717456703797 0.00001577360660447416
0.00004024717456703797 0.00001577360660447416
0.00004024717456703797 0.00001577360660447416
0.00004024717456703797 0.00001577360660447416
0.00004024717456703797 0.00001577360660447416
0.00004024717456703797 0.00001577360660447416
0.00004024717456703797 0.00001577360660447416
0.00004024717456703797 0.00001577360660447416
0.00004024717456703797 0.00001577360660447416
0.00004024717456703797 0.00001577360660447416
0.00004024717456703797 0.00001577360660447416
0.00004024717456703797 0.00001577360660447416
0.00004024717456703797 0.00001577360660447416
0.00004024717456703797 0.00001577360660447416
0.00004024717456703797 0.00001577360660447416
0.00004024717456703797 0.00001577360660447416
0.00004024717456703797 0.00001577360660447416
0.00004024717456703797 0.00001577360660447416
0.00004024717456703797 0.00001577360660447416
0.00009908122611594436 0.00003883175153174184
0.00018733230343930400 0.00007341896892264338
0.00018733230343930400 0.00007341896892264338
0.00009908122611594436 0.00003883175153174184
0.00004024717456703797 0.00001577360660447416
0.00004024717456703797 0.00001577360660447416
0.00004024717456703797 0.00001577360660447416
0.00004024717456703797 0.00001577360660447416
0.00004024717456703797 0.00001577360660447416
0.00004024717456703797 0.00001577360660447416
0.00004024717456703797 0.00001577360660447416
0.00004024717456703797 0.00001577360660447416
0.00004024717456703797 0.00001577360660447416
0.00004024717456703797 0.00001577360660447416
0.00004024717456703797 0.00001577360660447416
0.00004024717456703797 0.00001577360660447416
0.00004024717456703797 0.00001577360660447416
0.00004024717456703797 0.00001577360660447416
0.00012849825189039754 0.00005036082399537567
0.00018733230343930400 0.00007341896892264338
0.00018733230343930400 0.00007341896892264338
0.00006966420034149117 0.00002730267906810800
0.00004024717456703797 0.00001577360660447416
0.00004024717456703797 0.00001577360660447416
0.00004024717456703797 0.00001577360660447416
0.00004024717456703797 0.00001577360660447416
0.00004024717456703797 0.00001577360660447416
0.00004024717456703797 0.00001577360660447416
0.00004024717456703797 0.00001577360660447416
0.00004024717456703797 0.00001577360660447416
0.00004024717456703797 0.00001577360660447416
0.00004024717456703797 0.00001577360660447416
0.00004024717456703797 0.00001577360660447416
0.00018733230343930400 0.00007341896892264338
0.00018733230343930400 0.00007341896892264338
0.00015791527766485078 0.00006188989645900951
0.00004024717456703797 0.00001577360660447416
0.00004024717456703797 0.00001577360660447416
0.00004024717456703797 0.00001577360660447416
0.00018294170257744530 0.00007169821183851888
0.00019172290430116267 0.00007513972600676781
0.00019172290430116267 0.00007513972600676781
0.00018294170257744530 0.00007169821183851888
0.00015659809740629322 0.00006137366933377217
0.00015879339783722251 0.00006223404787583440
0.00015879339783722251 0.00006223404787583440
0.00015879339783722251 0.00006223404787583440
0.00027646150093503530 0.00010835033773036976
0.00073498658427514430 0.00028805473588243354
0.00204923977559151116 0.00080313468973035318
0.00021148060817952679 0.00008288313288532785
0.00021148060817952679 0.00008288313288532785
0.00016757459956093991 0.00006567556204408331
0.00013830392714854863 0.00005420384814992028
0.00013830392714854863 0.00005420384814992028
0.00013610862671761931 0.00005334346960785806
0.00188751931051304956 0.00073975347046510264
0.00004024717456703797 0.00001577360660447416
0.00004024717456703797 0.00001577360660447416
0.00004024717456703797 0.00001577360660447416
0.00004024717456703797 0.00001577360660447416
0.00004024717456703797 0.00001577360660447416
0.00004024717456703797 0.00001577360660447416
0.00004024717456703797 0.00001577360660447416
0.00009908122611594436 0.00003883175153174184
0.00072269290186193988 0.00028323661604688508
0.00109282055451662727 0.00042829643823857650
0.00019713797869745506 0.00007726199307718798
0.00013830392714854863 0.00005420384814992028
0.00015718351085454099 0.00006160310361165544
0.00023270184567851046 0.00009120012545859605
0.00023270184567851046 0.00009120012545859605
0.00023270184567851046 0.00009120012545859605
0.00023270184567851046 0.00009120012545859605
0.00023270184567851046 0.00009120012545859605
0.00004024717456703797 0.00001577360660447416
0.00004024717456703797 0.00001577360660447416
0.00004024717456703797 0.00001577360660447416
0.00004024717456703797 0.00001577360660447416
0.00004024717456703797 0.00001577360660447416
0.00004024717456703797 0.00001577360660447416
0.00009908122611594436 0.00003883175153174184
0.00018733230343930400 0.00007341896892264338
0.00018733230343930400 0.00007341896892264338
0.00009908122611594436 0.00003883175153174184
0.00004024717456703797 0.00001577360660447416
0.00004024717456703797 0.00001577360660447416
0.00018835677697373769 0.00007382047890893907
0.00187654280835840271 0.00073545157775479141
0.00057341247255874455 0.00022473087518665362
0.00013830392714854863 0.00005420384814992028
0.00013830392714854863 0.00005420384814992028
0.00094573542564436119 0.00037065107592040728
0.00013830392714854863 0.00005420384814992028
0.00178565737051792814 0.00069983190611341525
0.00219749573136027339 0.00086123892060428905
0.00219749573136027339 0.00086123892060428905
0.00209943897877876194 0.00082280867905884275
0.00209943897877876194 0.00082280867905884275
0.00209943897877876194 0.00082280867905884275
0.00209943897877876194 0.00082280867905884275
0.00234458086023253904 0.00091888428292245838
0.00278188470607366361 0.00109027168850125370
0.00406437921782258627 0.00159290483277400624
0.00248786080169119362 0.00097503832243438606
0.00233389706480201589 0.00091469710735108875
0.00053916578583624675 0.00021130896993048286
0.00012732742499390194 0.00004990195543960915
0.00012732742499390194 0.00004990195543960915
0.00004024717456703797 0.00001577360660447416
0.00004024717456703797 0.00001577360660447416
0.00004024717456703797 0.00001577360660447416
0.00004024717456703797 0.00001577360660447416
0.00004024717456703797 0.00001577360660447416
0.00004024717456703797 0.00001577360660447416
0.00015791527766485078 0.00006188989645900951
0.00018733230343930400 0.00007341896892264338
0.00018733230343930400 0.00007341896892264338
0.00004024717456703797 0.00001577360660447416
0.00004024717456703797 0.00001577360660447416
0.00004024717456703797 0.00001577360660447416
0.00004024717456703797 0.00001577360660447416
0.00004024717456703797 0.00001577360660447416
0.00004024717456703797 0.00001577360660447416
0.00004024717456703797 0.00001577360660447416
0.00004024717456703797 0.00001577360660447416
0.00004024717456703797 0.00001577360660447416
0.00004024717456703797 0.00001577360660447416
0.00004024717456703797 0.00001577360660447416
0.00004024717456703797 0.00001577360660447416
0.00004024717456703797 0.00001577360660447416
0.00004024717456703797 0.00001577360660447416
0.00004024717456703797 0.00001577360660447416
0.00004024717456703797 0.00001577360660447416
0.00004024717456703797 0.00001577360660447416
0.00009908122611594436 0.00003883175153174184
0.00018733230343930400 0.00007341896892264338
0.00018733230343930400 0.00007341896892264338
0.00009908122611594436 0.00003883175153174184
0.00004024717456703797 0.00001577360660447416
0.00004024717456703797 0.00001577360660447416
0.00004024717456703797 0.00001577360660447416
0.00004024717456703797 0.00001577360660447416
0.00004024717456703797 0.00001577360660447416
0.00004024717456703797 0.00001577360660447416
0.00004024717456703797 0.00001577360660447416
0.00004024717456703797 0.00001577360660447416
0.00004024717456703797 0.00001577360660447416
0.00004024717456703797 0.00001577360660447416
0.00004024717456703797 0.00001577360660447416
0.00004024717456703797 0.00001577360660447416
0.00027441255386616796 0.00010754731775777836
0.00027441255386616796 0.00010754731775777836
0.00024499552809171475 0.00009601824529414451
0.00012732742499390194 0.00004990195543960915
0.00012732742499390194 0.00004990195543960915
0.00019230831774941047 0.00007536916028465106
0.00017606309456053335 0.00006900235907339057
0.00012732742499390194 0.00004990195543960915
0.00005766322465241076 0.00002259927637150116
0.00004024717456703797 0.00001577360660447416
0.00004024717456703797 0.00001577360660447416
0.00004024717456703797 0.00001577360660447416
0.00091968452719733292 0.00036044125055460221
0.00238058378729977954 0.00093299449101227883
0.00296497276201317193 0.00116202725890924359
0.00328416944467029839 0.00128712629892509104
0.00368283600292706667 0.00144337104216359178
0.00327202211561915604 0.00128236553765901360
0.00210119521912350551 0.00082349698189249261
0.00213163671843239312 0.00083542756434242243
0.00256133018944629644 0.00100383232430873576
0.00210822018050247978 0.00082625019322709182
0.00217788438084397067 0.00085355287229519977
0.00219530043092934371 0.00086037854206222689
0.00300273192942515600 0.00117682576983271390
0.00221418001463533597 0.00086777779752396193
0.00403891373282380586 0.00158292444168608472
0.00190332547361574079 0.00074594819596795071
0.00023050654524758111 0.00009033974691653381
0.00157183510854541002 0.00061603103611655437
0.00125219936580209766 0.00049075992039229418
0.00037759167411984711 0.00014798510923470302
0.00031875762257094068 0.00012492696430743534
0.00022523782421335066 0.00008827483841558447
0.00022684771119603215 0.00008890578267976342
0.00023197007886820064 0.00009091333261124196
0.00022172534352386369 0.00008689823274828490
0.00022172534352386369 0.00008689823274828490
0.00242229449548743772 0.00094934168331146116
0.00117755915115050022 0.00046150704996217849
0.00030646394015773642 0.00012010884447188685
0.00031173266119196679 0.00012217375297283621
0.00031173266119196679 0.00012217375297283621
0.00034114968696641996 0.00013370282543647005
0.00046101309049516223 0.00018067949383306761
0.00051370030083746645 0.00020132857884256109
0.00044052361980648832 0.00017264929410715351
0.00030148792584762987 0.00011815865310987916
0.00032168468981217979 0.00012607413569685160
0.00036661517196520047 0.00014368321652439189
0.00124122286364745081 0.00048645802768198300
0.00167852670948857624 0.00065784543326077871
0.00252679079599967471 0.00099029570191362312
0.00036661517196520047 0.00014368321652439189
0.00045808602325392311 0.00017953232244365133
0.00149251158630782973 0.00058494269146337264
0.00205626473697048499 0.00080588790106495250
0.00077420928530774855 0.00030342683250061199
0.00078299048703146595 0.00030686834666886090
0.00256454996341165965 0.00100509421283709343
0.00171613952353849878 0.00067258658561477789
0.00086758273030327672 0.00034002159982299214
0.00287394097081063475 0.00112635022869839651
0.00048208797463208394 0.00018893912783686506
0.00045003658834051548 0.00017637760112275649
0.00047930726075290679 0.00018784931501691953
0.00052321326937149345 0.00020505688585816399
0.00101027725831368399 0.00039594620505703683
0.00241175705341897676 0.00094521186630956244
0.00063956419221074885 0.00025065694858746214
0.00069298316936336284 0.00027159282644430961
0.00079777217659972343 0.00031266156218541318
0.00204221481421253733 0.00080038147839575418
0.00178082770956988377 0.00069793907332087830
0.00174014147491665955 0.00068199339100799171
0.00213997886006992398 0.00083869700280225854
0.00070966745263842574 0.00027813170336398249
0.00062931945686641193 0.00024664184872450504
0.00068859256850150403 0.00026987206936018507
0.00160476461500935036 0.00062893671424748784
0.00201733474266200478 0.00079063052158571555
0.00080128465728921045 0.00031403816785271284
0.00069942271729408893 0.00027411660350102544
0.00206504593869420239 0.00080932941523320125
0.00899999999999999932 0.00352726522960777628
0.00146514350760224422 0.00057421663897233035
0.00058175461419627595 0.00022800031364649009
0.00147392470932596119 0.00057765815314057909
0.00191708268964956496 0.00075133990149820731
0.00061117163997072928 0.00023952938611012395
0.00067907959996747703 0.00026614376234458220
0.00284496300512236764 0.00111499323194317506
