0.00027200878155872671 0.00010660523526000816
0.00193962678375411636 0.00076017534586131732
0.00102414928649835371 0.00040138290757702833
0.00136663007683863872 0.00053560741686323708
0.00141668496158068062 0.00055522484514352916
0.00112952799121844106 0.00044268275658816941
0.00126125137211855073 0.00049430756785209579
0.00127639956092206346 0.00050024442114744749
0.00234599341383095496 0.00091943788861053048
0.00161361141602634471 0.00063240393798309920
0.00017453347969264546 0.00006840287492470258
0.00017453347969264546 0.00006840287492470258
0.00017453347969264546 0.00006840287492470258
0.00017453347969264546 0.00006840287492470258
0.00017453347969264546 0.00006840287492470258
0.00017453347969264546 0.00006840287492470258
0.00017453347969264546 0.00006840287492470258
0.00017453347969264546 0.00006840287492470258
0.00017453347969264546 0.00006840287492470258
0.00017453347969264546 0.00006840287492470258
0.00017453347969264546 0.00006840287492470258
0.00017453347969264546 0.00006840287492470258
0.00030428100987925355 0.00011925331401967015
0.00082327113062568593 0.00032265507039954045
0.00082327113062568593 0.00032265507039954045
0.00082327113062568593 0.00032265507039954045
0.00082327113062568593 0.00032265507039954045
0.00030428100987925355 0.00011925331401967015
0.00017453347969264546 0.00006840287492470258
0.00017453347969264546 0.00006840287492470258
0.00017453347969264546 0.00006840287492470258
0.00017453347969264546 0.00006840287492470258
0.00017453347969264546 0.00006840287492470258
0.00017453347969264546 0.00006840287492470258
0.00017453347969264546 0.00006840287492470258
0.00017453347969264546 0.00006840287492470258
0.00017453347969264546 0.00006840287492470258
0.00017453347969264546 0.00006840287492470258
0.00017453347969264546 0.00006840287492470258
0.00017453347969264546 0.00006840287492470258
0.00043402854006586170 0.00017010375311463772
0.00082327113062568593 0.00032265507039954045
0.00082327113062568593 0.00032265507039954045
0.00082327113062568593 0.00032265507039954045
0.00082327113062568593 0.00032265507039954045
0.00017453347969264546 0.00006840287492470258
0.00017453347969264546 0.00006840287492470258
0.00017453347969264546 0.00006840287492470258
0.00017453347969264546 0.00006840287492470258
0.00017453347969264546 0.00006840287492470258
0.00017453347969264546 0.00006840287492470258
0.00017453347969264546 0.00006840287492470258
0.00017453347969264546 0.00006840287492470258
0.00017453347969264546 0.00006840287492470258
0.00030428100987925355 0.00011925331401967015
0.00082327113062568593 0.00032265507039954045
0.00082327113062568593 0.00032265507039954045
0.00082327113062568593 0.00032265507039954045
0.00082327113062568593 0.00032265507039954045
0.00030428100987925355 0.00011925331401967015
0.00017453347969264546 0.00006840287492470258
0.00017453347969264546 0.00006840287492470258
0.00017453347969264546 0.00006840287492470258
0.00017453347969264546 0.00006840287492470258
0.00017453347969264546 0.00006840287492470258
0.00017453347969264546 0.00006840287492470258
0.00017453347969264546 0.00006840287492470258
0.00017453347969264546 0.00006840287492470258
0.00056377607025246974 0.00022095419220960526
0.00082327113062568593 0.00032265507039954045
0.00082327113062568593 0.00032265507039954045
0.00082327113062568593 0.00032265507039954045
0.00069352360043907794 0.00027180463130457286
0.00017453347969264546 0.00006840287492470258
0.00017453347969264546 0.00006840287492470258
0.00017453347969264546 0.00006840287492470258
0.00017453347969264546 0.00006840287492470258
0.00017453347969264546 0.00006840287492470258
0.00017453347969264546 0.00006840287492470258
0.00017453347969264546 0.00006840287492470258
0.00017453347969264546 0.00006840287492470258
0.00017453347969264546 0.00006840287492470258
0.00043402854006586170 0.00017010375311463772
0.00082327113062568593 0.00032265507039954045
0.00133369923161361158 0.00052270121404725560
0.00128100987925356758 0.00050205128954168500
0.00296838638858397353 0.00116336512183258306
0.00243490669593852916 0.00095428463621368071
0.00204171240395170130 0.00080018457459086025
0.00156750823271130640 0.00061433525404072512
0.00268188803512623428 0.00105108115733354283
0.00034248079034028539 0.00013422450928620886
0.00031613611416026345 0.00012389954703342354
0.00021075740944017564 0.00008259969802228235
0.00021075740944017564 0.00008259969802228235
0.00021075740944017564 0.00008259969802228235
0.00021075740944017564 0.00008259969802228235
0.00072974753018660815 0.00028600145440215265
0.00085949506037321635 0.00033685189349712025
0.00085949506037321635 0.00033685189349712025
0.00087925356750823266 0.00034459561518670925
0.00062041712403951711 0.00024315286105309369
0.00022392974753018667 0.00008776217914867501
0.00022392974753018667 0.00008776217914867501
0.00022392974753018667 0.00008776217914867501
0.00544807903402854104 0.00213520219387599956
0.00017453347969264546 0.00006840287492470258
0.00017453347969264546 0.00006840287492470258
0.00017453347969264546 0.00006840287492470258
0.00017453347969264546 0.00006840287492470258
0.00017453347969264546 0.00006840287492470258
0.00069352360043907794 0.00027180463130457286
0.00082327113062568593 0.00032265507039954045
0.00082327113062568593 0.00032265507039954045
0.00082327113062568593 0.00032265507039954045
0.00056377607025246974 0.00022095419220960526
0.00017453347969264546 0.00006840287492470258
0.00017453347969264546 0.00006840287492470258
0.00017453347969264546 0.00006840287492470258
0.00017453347969264546 0.00006840287492470258
0.00017453347969264546 0.00006840287492470258
0.00017453347969264546 0.00006840287492470258
0.00017453347969264546 0.00006840287492470258
0.00017453347969264546 0.00006840287492470258
0.00017453347969264546 0.00006840287492470258
0.00017453347969264546 0.00006840287492470258
0.00069352360043907794 0.00027180463130457286
0.00082327113062568593 0.00032265507039954045
0.00082327113062568593 0.00032265507039954045
0.00082327113062568593 0.00032265507039954045
0.00056377607025246974 0.00022095419220960526
0.00017453347969264546 0.00006840287492470258
0.00017453347969264546 0.00006840287492470258
0.00017453347969264546 0.00006840287492470258
0.00017453347969264546 0.00006840287492470258
0.00017453347969264546 0.00006840287492470258
0.00017453347969264546 0.00006840287492470258
0.00017453347969264546 0.00006840287492470258
0.00017453347969264546 0.00006840287492470258
0.00017453347969264546 0.00006840287492470258
0.00017453347969264546 0.00006840287492470258
0.00017453347969264546 0.00006840287492470258
0.00417563117453348051 0.00163650651706646931
0.00417563117453348051 0.00163650651706646931
0.00017453347969264546 0.00006840287492470258
0.00069352360043907794 0.00027180463130457286
0.00082327113062568593 0.00032265507039954045
0.00082327113062568593 0.00032265507039954045
0.00082327113062568593 0.00032265507039954045
0.00056377607025246974 0.00022095419220960526
0.00017453347969264546 0.00006840287492470258
0.00017453347969264546 0.00006840287492470258
0.00017453347969264546 0.00006840287492470258
0.00017453347969264546 0.00006840287492470258
0.00017453347969264546 0.00006840287492470258
0.00017453347969264546 0.00006840287492470258
0.00017453347969264546 0.00006840287492470258
0.00017453347969264546 0.00006840287492470258
0.00017453347969264546 0.00006840287492470258
0.00017453347969264546 0.00006840287492470258
0.00017453347969264546 0.00006840287492470258
0.00069352360043907794 0.00027180463130457286
0.00483161361141602654 0.00189359807716082333
0.00486059275521404967 0.00190495553563888639
0.00503183315038419326 0.00197206779028199098
0.00176904500548847438 0.00069332121527453246
0.00056970362239297479 0.00022327730871648198
0.00054006586169044995 0.00021166172618209848
0.00054006586169044995 0.00021166172618209848
0.00040834248079034028 0.00016003691491817208
0.00021075740944017564 0.00008259969802228235
0.00021075740944017564 0.00008259969802228235
0.00021075740944017564 0.00008259969802228235
0.00021075740944017564 0.00008259969802228235
0.00021075740944017564 0.00008259969802228235
0.00021075740944017564 0.00008259969802228235
0.00021075740944017564 0.00008259969802228235
0.00022854006586169051 0.00008956904754291242
0.00037211855104281013 0.00014584009182059228
0.00037211855104281013 0.00014584009182059228
0.00076136114160263446 0.00029839140910549499
0.00102085620197585065 0.00040009228729543013
0.00102085620197585065 0.00040009228729543013
0.00308364434687156963 0.00120853683168851869
0.00089110867178924255 0.00034924184820046258
0.00037211855104281013 0.00014584009182059228
0.00038660812294182218 0.00015151882105962419
0.00064346871569703626 0.00025218720302428083
0.00080021953896816677 0.00031362072842835330
0.00080021953896816677 0.00031362072842835330
0.00080021953896816677 0.00031362072842835330
0.00080021953896816677 0.00031362072842835330
0.00080021953896816677 0.00031362072842835330
0.00080021953896816677 0.00031362072842835330
0.00081339187705817772 0.00031878320955474595
0.00181317233809001090 0.00071061552704794787
0.00289001097694840860 0.00113264835913054690
0.00151481888035126262 0.00059368532953515453
0.00151481888035126262 0.00059368532953515453
0.00899999999999999932 0.00352726522960777628
0.00831174533479692688 0.00325752559075376041
0.00828276619099890289 0.00324616813227569714
0.00226630076838638854 0.00088820487779585485
0.00076399560922063667 0.00029942390533077361
0.00076399560922063667 0.00029942390533077361
0.00076399560922063667 0.00029942390533077361
0.00076399560922063667 0.00029942390533077361
0.00076399560922063667 0.00029942390533077361
0.00076399560922063667 0.00029942390533077361
0.00102349066959385275 0.00040112478352070864
0.00266937431394072451 0.00104617680026346986
0.00518265642151481860 0.00203117819917918684
0.00392601536772777156 0.00153867749972132835
0.00141273326015367681 0.00055367610080561138
0.00076399560922063667 0.00029942390533077361
0.00076399560922063667 0.00029942390533077361
0.00076399560922063667 0.00029942390533077361
0.00076399560922063667 0.00029942390533077361
0.00076399560922063667 0.00029942390533077361
0.00068562019758507131 0.00026870714262873724
0.00037211855104281013 0.00014584009182059228
0.00037211855104281013 0.00014584009182059228
0.00021405049396267838 0.00008389031830388051
0.00082327113062568593 0.00032265507039954045
0.00082327113062568593 0.00032265507039954045
0.00082327113062568593 0.00032265507039954045
0.00082327113062568593 0.00032265507039954045
0.00043402854006586170 0.00017010375311463772
0.00017453347969264546 0.00006840287492470258
0.00017453347969264546 0.00006840287492470258
0.00017453347969264546 0.00006840287492470258
0.00017453347969264546 0.00006840287492470258
0.00017453347969264546 0.00006840287492470258
0.00020351262349066959 0.00007976033340276640
0.00021075740944017564 0.00008259969802228235
0.00021075740944017564 0.00008259969802228235
0.00036750823271130623 0.00014403322342635485
0.00069484083424807910 0.00027232087941721217
0.00107156970362239307 0.00041996783963204188
0.00106366630076838611 0.00041687035095620617
0.00145290889132821083 0.00056942166824110912
0.00171240395170142680 0.00067112254643104409
0.00516882546652030865 0.00202575759399647483
0.00132052689352360041 0.00051753873292086278
0.00150493962678375452 0.00058981346869035997
0.00126125137211855073 0.00049430756785209579
0.00126125137211855073 0.00049430756785209579
0.00125400658616904494 0.00049146820323258008
0.00175192096597146007 0.00068660998981022209
0.00142261251372118556 0.00055754796165040582
0.00147859495060373197 0.00057948850643757468
0.00179473106476399553 0.00070338805347099824
0.00192645444566410520 0.00075501286473492462
0.00179473106476399553 0.00070338805347099824
0.00207859495060373203 0.00081463952174475962
0.00269374313940724461 0.00105572739034729595
0.00375543358946213001 0.00147182336913454360
0.00282217343578485208 0.00110606158132962461
0.00217211855104281013 0.00085129313774214748
0.00541975850713501649 0.00212410285945425397
0.00170713501646542237 0.00066905755398048695
0.00194884742041712394 0.00076378908264979214
0.00159055982436882523 0.00062336959601191194
0.00240724478594950579 0.00094344342584825604
0.00400439077936333605 0.00156939426242336429
0.00396487376509330452 0.00155390681904418672
0.00387266739846322703 0.00151776945115943813
0.00356970362239297442 0.00139903238525240737
0.00359341383095499465 0.00140832485127991426
0.00367508232711306199 0.00144033223426354856
0.00389176728869374249 0.00152525504879270717
0.00758002195389681672 0.00297074976418264898
0.00371130625686059371 0.00145452905736112841
0.00368166849615806811 0.00144291347482674464
0.00354006586169044882 0.00138741680271802360
0.00392864983534577366 0.00153970999594660687
0.00017453347969264546 0.00006840287492470258
0.00017453347969264546 0.00006840287492470258
0.00017453347969264546 0.00006840287492470258
0.00017453347969264546 0.00006840287492470258
0.00088254665203073540 0.00034588623546830734
0.00282810098792535660 0.00110838469783650128
0.00082327113062568593 0.00032265507039954045
0.00082327113062568593 0.00032265507039954045
0.00082327113062568593 0.00032265507039954045
0.00082327113062568593 0.00032265507039954045
0.00017453347969264546 0.00006840287492470258
0.00017453347969264546 0.00006840287492470258
