0.00070604914933837428 0.00027671362387282172
0.00122580340264650286 0.00048041485783221219
0.00121219281663516028 0.00047508061929972409
0.00111011342155009434 0.00043507383030606312
0.00111011342155009434 0.00043507383030606312
0.00221597353497164466 0.00086848071107072382
0.00595037807183364936 0.00233206240842215480
0.00443194706994328932 0.00173696142214144764
0.00263279773156899774 0.00103184176612817298
0.00216493383742911169 0.00084847731657389334
0.00138232514177693785 0.00054175860095582572
0.00168856332703213631 0.00066177896793680863
0.00206285444234404576 0.00080847052758023226
0.00223298676748582246 0.00087514850923633395
0.00242013232514177697 0.00094849428905804554
0.00247117202268430950 0.00096849768355487603
0.00294669187145557652 0.00115486264228368001
0.00341795841209829821 0.00133956065147108156
0.00371739130434782647 0.00145691389918582086
0.00371739130434782647 0.00145691389918582086
0.00332948960302457530 0.00130488810100990913
0.00274763705103969703 0.00107684940374604089
0.00300283553875236231 0.00117686637623019364
0.00288374291115311857 0.00113019178907092233
0.00257750472589791989 0.00101017142208993964
0.00227126654064272165 0.00089015105510895662
0.00205009451795841197 0.00080346967895602477
0.00240737240075614405 0.00094349344043383795
0.00240737240075614405 0.00094349344043383795
0.00289395085066162551 0.00113419246797028862
0.00265916824196597281 0.00104217685328486824
0.00309470699432892217 0.00121287248632448853
0.00350302457466918722 0.00137289964229913241
0.00371739130434782647 0.00145691389918582086
0.00371739130434782647 0.00145691389918582086
0.00371739130434782647 0.00145691389918582086
0.00022967863894139890 0.00009001527523573719
0.00022967863894139890 0.00009001527523573719
0.00022967863894139890 0.00009001527523573719
0.00022967863894139890 0.00009001527523573719
0.00022967863894139890 0.00009001527523573719
0.00022967863894139890 0.00009001527523573719
0.00022967863894139890 0.00009001527523573719
0.00022967863894139890 0.00009001527523573719
0.00022967863894139890 0.00009001527523573719
0.00022967863894139890 0.00009001527523573719
0.00022967863894139890 0.00009001527523573719
0.00022967863894139890 0.00009001527523573719
0.00022967863894139890 0.00009001527523573719
0.00022967863894139890 0.00009001527523573719
0.00022967863894139890 0.00009001527523573719
0.00051550094517958413 0.00020203428441798796
0.00094423440453686198 0.00037006279819136407
0.00094423440453686198 0.00037006279819136407
0.00094423440453686198 0.00037006279819136407
0.00094423440453686198 0.00037006279819136407
0.00022967863894139890 0.00009001527523573719
0.00022967863894139890 0.00009001527523573719
0.00022967863894139890 0.00009001527523573719
0.00022967863894139890 0.00009001527523573719
0.00022967863894139890 0.00009001527523573719
0.00022967863894139890 0.00009001527523573719
0.00022967863894139890 0.00009001527523573719
0.00022967863894139890 0.00009001527523573719
0.00022967863894139890 0.00009001527523573719
0.00022967863894139890 0.00009001527523573719
0.00022967863894139890 0.00009001527523573719
0.00022967863894139890 0.00009001527523573719
0.00022967863894139890 0.00009001527523573719
0.00022967863894139890 0.00009001527523573719
0.00065841209829867675 0.00025804378900911326
0.00094423440453686198 0.00037006279819136407
0.00094423440453686198 0.00037006279819136407
0.00094423440453686198 0.00037006279819136407
0.00080132325141776936 0.00031405329360023864
0.00022967863894139890 0.00009001527523573719
0.00022967863894139890 0.00009001527523573719
0.00022967863894139890 0.00009001527523573719
0.00022967863894139890 0.00009001527523573719
0.00022967863894139890 0.00009001527523573719
0.00022967863894139890 0.00009001527523573719
0.00022967863894139890 0.00009001527523573719
0.00022967863894139890 0.00009001527523573719
0.00022967863894139890 0.00009001527523573719
0.00042362948960302448 0.00016602817432369304
0.00142060491493383703 0.00055676114682844861
0.00300283553875236231 0.00117686637623019364
0.00307939508506616284 0.00120687146797543964
0.00346559546313799640 0.00135823048633479013
0.00289905482041587876 0.00113619280741997166
0.00254688090737240037 0.00099816938539184119
0.00218620037807183394 0.00085681206428090588
0.00199905482041587900 0.00078346628445919407
0.00184593572778827988 0.00072345610096870262
0.00184593572778827988 0.00072345610096870262
0.00187996219281663527 0.00073679169729992298
0.00229508506616257074 0.00089948597254081090
0.00232230623818525592 0.00091015444960578721
0.00248563327032136133 0.00097416531199564485
0.00266427221172022650 0.00104417719273455106
0.00094423440453686198 0.00037006279819136407
0.00094423440453686198 0.00037006279819136407
0.00065841209829867675 0.00025804378900911326
0.00022967863894139890 0.00009001527523573719
0.00022967863894139890 0.00009001527523573719
0.00022967863894139890 0.00009001527523573719
0.00022967863894139890 0.00009001527523573719
0.00022967863894139890 0.00009001527523573719
0.00022967863894139890 0.00009001527523573719
0.00022967863894139890 0.00009001527523573719
0.00022967863894139890 0.00009001527523573719
0.00022967863894139890 0.00009001527523573719
0.00022967863894139890 0.00009001527523573719
0.00022967863894139890 0.00009001527523573719
0.00022967863894139890 0.00009001527523573719
0.00022967863894139890 0.00009001527523573719
0.00022967863894139890 0.00009001527523573719
0.00022967863894139890 0.00009001527523573719
0.00037258979206049146 0.00014602477982686253
0.00094423440453686198 0.00037006279819136407
0.00094423440453686198 0.00037006279819136407
0.00094423440453686198 0.00037006279819136407
0.00094423440453686198 0.00037006279819136407
0.00037258979206049146 0.00014602477982686253
0.00022967863894139890 0.00009001527523573719
0.00022967863894139890 0.00009001527523573719
0.00022967863894139890 0.00009001527523573719
0.00022967863894139890 0.00009001527523573719
0.00022967863894139890 0.00009001527523573719
0.00022967863894139890 0.00009001527523573719
0.00022967863894139890 0.00009001527523573719
0.00022967863894139890 0.00009001527523573719
0.00022967863894139890 0.00009001527523573719
0.00022967863894139890 0.00009001527523573719
0.00022967863894139890 0.00009001527523573719
0.00022967863894139890 0.00009001527523573719
0.00022967863894139890 0.00009001527523573719
0.00022967863894139890 0.00009001527523573719
0.00022967863894139890 0.00009001527523573719
0.00022967863894139890 0.00009001527523573719
0.00022967863894139890 0.00009001527523573719
0.00080132325141776936 0.00031405329360023864
0.00094423440453686198 0.00037006279819136407
0.00094423440453686198 0.00037006279819136407
0.00094423440453686198 0.00037006279819136407
0.00065841209829867675 0.00025804378900911326
0.00022967863894139890 0.00009001527523573719
0.00022967863894139890 0.00009001527523573719
0.00022967863894139890 0.00009001527523573719
0.00022967863894139890 0.00009001527523573719
0.00022967863894139890 0.00009001527523573719
0.00022967863894139890 0.00009001527523573719
0.00022967863894139890 0.00009001527523573719
0.00022967863894139890 0.00009001527523573719
0.00022967863894139890 0.00009001527523573719
0.00022967863894139890 0.00009001527523573719
0.00022967863894139890 0.00009001527523573719
0.00022967863894139890 0.00009001527523573719
0.00022967863894139890 0.00009001527523573719
0.00022967863894139890 0.00009001527523573719
0.00022967863894139890 0.00009001527523573719
0.00094423440453686198 0.00037006279819136407
0.00094423440453686198 0.00037006279819136407
0.00094423440453686198 0.00037006279819136407
0.00094423440453686198 0.00037006279819136407
0.00051550094517958413 0.00020203428441798796
0.00022967863894139890 0.00009001527523573719
0.00022967863894139890 0.00009001527523573719
0.00022967863894139890 0.00009001527523573719
0.00022967863894139890 0.00009001527523573719
0.00022967863894139890 0.00009001527523573719
0.00022967863894139890 0.00009001527523573719
0.00022967863894139890 0.00009001527523573719
0.00022967863894139890 0.00009001527523573719
0.00022967863894139890 0.00009001527523573719
0.00022967863894139890 0.00009001527523573719
0.00022967863894139890 0.00009001527523573719
0.00022967863894139890 0.00009001527523573719
0.00022967863894139890 0.00009001527523573719
0.00022967863894139890 0.00009001527523573719
0.00022967863894139890 0.00009001527523573719
0.00022967863894139890 0.00009001527523573719
0.00022967863894139890 0.00009001527523573719
0.00037258979206049146 0.00014602477982686253
0.00203733459357277906 0.00079846883033181696
0.00700094517958412075 0.00274379894514858221
0.00094423440453686198 0.00037006279819136407
0.00094423440453686198 0.00037006279819136407
0.00146568998109640795 0.00057443081196731545
0.00132277882797731555 0.00051842130737619007
0.00132277882797731555 0.00051842130737619007
0.00132277882797731555 0.00051842130737619007
0.00132277882797731555 0.00051842130737619007
0.00132277882797731555 0.00051842130737619007
0.00132277882797731555 0.00051842130737619007
0.00132277882797731555 0.00051842130737619007
0.00132277882797731555 0.00051842130737619007
0.00132277882797731555 0.00051842130737619007
0.00132277882797731555 0.00051842130737619007
0.00132277882797731555 0.00051842130737619007
0.00132277882797731555 0.00051842130737619007
0.00132277882797731555 0.00051842130737619007
0.00133298676748582249 0.00052242198627555636
0.00137381852551984852 0.00053842470187302044
0.00137381852551984852 0.00053842470187302044
0.00137381852551984852 0.00053842470187302044
0.00194546313799621941 0.00076246272023752218
0.00208837429111531202 0.00081847222482864745
0.00217769376181474504 0.00085347816519810093
0.00223724007561436648 0.00087681545877773637
0.00195141776937618125 0.00076479644959548561
0.00152268431001890362 0.00059676793582210948
0.00407466918714555811 0.00159693766066363392
0.00152268431001890362 0.00059676793582210948
0.00151247637051039690 0.00059276725692274351
0.00147164461247637087 0.00057676454132527910
0.00147164461247637087 0.00057676454132527910
0.00147164461247637087 0.00057676454132527910
0.00151843100189035939 0.00059510098628070705
0.00152863894139886568 0.00059910166518007313
0.00193525519848771247 0.00075846204133815588
0.00207816635160680552 0.00081447154592928137
0.00228402646502835587 0.00089515190373316432
0.00213516068052930054 0.00083680866978407540
0.00133468809073724009 0.00052308876609211726
0.00090595463137996203 0.00035506025231874124
0.00090595463137996203 0.00035506025231874124
0.00100888468809073721 0.00039540043122068255
0.00142060491493383703 0.00055676114682844861
0.00142060491493383703 0.00055676114682844861
0.00142060491493383703 0.00055676114682844861
0.00141039697542533074 0.00055276046792908243
0.00135085066162570887 0.00052942317434944688
0.00140103969754253326 0.00054909317893799697
0.00151843100189035939 0.00059510098628070705
0.00151843100189035939 0.00059510098628070705
0.00195737240075614331 0.00076713017895344915
0.00248818525519848774 0.00097516548172048604
0.00248818525519848774 0.00097516548172048604
0.00248818525519848774 0.00097516548172048604
0.00248818525519848774 0.00097516548172048604
0.00202882797731568972 0.00079513493124901190
0.00152863894139886568 0.00059910166518007313
0.00119517958412098313 0.00046841282113411402
0.00119517958412098313 0.00046841282113411402
0.00119517958412098313 0.00046841282113411402
0.00129725897920604906 0.00050841961012777488
0.00182466918714555720 0.00071512135326168974
0.00272296786389414000 0.00106718109640590621
0.00276039697542533081 0.00108185025237024913
0.00249669187145557664 0.00097849938080329154
0.00246606805293005625 0.00096649734410519310
0.00234357277882797773 0.00091848919731279998
0.00196928166351606829 0.00077179763766937624
0.00181616257088846895 0.00071178745417888511
0.00214451795841209825 0.00084047595877516086
0.00231805293005671103 0.00090848750006438479
0.00286247637051039675 0.00112185704136390945
0.00367060491493383708 0.00143857745423039236
0.00372079395085066168 0.00145824745881894288
0.00252646502835538779 0.00099016802759310926
0.00783204158790170094 0.00306952088553863770
0.00330482041587901740 0.00129521979366977423
0.00363742911153119158 0.00142557524780745262
0.00353024574669187196 0.00138356811936410883
0.00341370510396975376 0.00133789370192967882
0.00380671077504725818 0.00149191983955527358
0.00798771266540642712 0.00313053123875397165
0.00814083175803402732 0.00319054142224446322
0.00798771266540642712 0.00313053123875397165
0.00894215500945179376 0.00350459471584470099
0.00899999999999999932 0.00352726522960777628
0.00883837429111531368 0.00346392114703448009
0.00356852551984877201 0.00139857066523673182
0.00284035916824196526 0.00111318890374861651
0.00273487712665406411 0.00107184855512183351
0.00273487712665406411 0.00107184855512183351
0.00323676748582230620 0.00126854860100733330
0.00311342155009451758 0.00122020706430665967
0.00322400756143667328 0.00126354775238312570
0.00252816635160680540 0.00099083480740967049
0.00232230623818525592 0.00091015444960578721
0.00239035916824196625 0.00093682564226822804
0.00745604914933837518 0.00292216254607865393
0.00244139886578449879 0.00095682903676505842
0.00251965973534971606 0.00098750090832686499
0.00262854442344045373 0.00103017481658677001
0.00249243856332703176 0.00097683243126188879
