0.00010018120631633444 0.00003926285396664105
0.00010018120631633444 0.00003926285396664105
0.00010018120631633444 0.00003926285396664105
0.00010018120631633444 0.00003926285396664105
0.00010018120631633444 0.00003926285396664105
0.00010018120631633444 0.00003926285396664105
0.00047900595392182240 0.00018773122733817211
0.00079213046854776086 0.00031045047322460369
0.00079213046854776086 0.00031045047322460369
0.00079213046854776086 0.00031045047322460369
0.00045710587626197256 0.00017914818484313896
0.00010018120631633444 0.00003926285396664105
0.00010018120631633444 0.00003926285396664105
0.00010018120631633444 0.00003926285396664105
0.00010018120631633444 0.00003926285396664105
0.00010018120631633444 0.00003926285396664105
0.00010018120631633444 0.00003926285396664105
0.00010018120631633444 0.00003926285396664105
0.00010018120631633444 0.00003926285396664105
0.00010018120631633444 0.00003926285396664105
0.00050090603158167225 0.00019631426983320524
0.00079213046854776086 0.00031045047322460369
0.00079213046854776086 0.00031045047322460369
0.00079213046854776086 0.00031045047322460369
0.00043520579860212272 0.00017056514234810573
0.00010018120631633444 0.00003926285396664105
0.00010018120631633444 0.00003926285396664105
0.00010018120631633444 0.00003926285396664105
0.00010018120631633444 0.00003926285396664105
0.00010018120631633444 0.00003926285396664105
0.00010018120631633444 0.00003926285396664105
0.00010018120631633444 0.00003926285396664105
0.00010018120631633444 0.00003926285396664105
0.00010018120631633444 0.00003926285396664105
0.00018032617136940198 0.00007067313713995390
0.00050090603158167225 0.00019631426983320524
0.00050090603158167225 0.00019631426983320524
0.00050090603158167225 0.00019631426983320524
0.00050090603158167225 0.00019631426983320524
0.00018032617136940198 0.00007067313713995390
0.00010018120631633444 0.00003926285396664105
0.00010018120631633444 0.00003926285396664105
0.00010018120631633444 0.00003926285396664105
0.00010018120631633444 0.00003926285396664105
0.00010018120631633444 0.00003926285396664105
0.00010018120631633444 0.00003926285396664105
0.00010018120631633444 0.00003926285396664105
0.00010018120631633444 0.00003926285396664105
0.00050090603158167225 0.00019631426983320524
0.00079213046854776086 0.00031045047322460369
0.00079213046854776086 0.00031045047322460369
0.00079213046854776086 0.00031045047322460369
0.00043520579860212272 0.00017056514234810573
0.00010018120631633444 0.00003926285396664105
0.00010018120631633444 0.00003926285396664105
0.00010018120631633444 0.00003926285396664105
0.00010018120631633444 0.00003926285396664105
0.00010018120631633444 0.00003926285396664105
0.00010018120631633444 0.00003926285396664105
0.00010018120631633444 0.00003926285396664105
0.00010018120631633444 0.00003926285396664105
0.00042076106652860469 0.00016490398665989242
0.00073388558115454309 0.00028762323254632392
0.00079213046854776086 0.00031045047322460369
0.00079213046854776086 0.00031045047322460369
0.00057359565104840788 0.00022480266619969835
0.00010018120631633444 0.00003926285396664105
0.00010018120631633444 0.00003926285396664105
0.00010018120631633444 0.00003926285396664105
0.00010018120631633444 0.00003926285396664105
0.00010018120631633444 0.00003926285396664105
0.00010018120631633444 0.00003926285396664105
0.00010018120631633444 0.00003926285396664105
0.00010018120631633444 0.00003926285396664105
0.00010018120631633444 0.00003926285396664105
0.00010018120631633444 0.00003926285396664105
0.00010018120631633444 0.00003926285396664105
0.00010018120631633444 0.00003926285396664105
0.00018032617136940198 0.00007067313713995390
0.00050090603158167225 0.00019631426983320524
0.00050090603158167225 0.00019631426983320524
0.00073388558115454309 0.00028762323254632392
0.00097851410820605739 0.00038349764339509860
0.00085177323323841567 0.00033382556767916198
0.00078048149106911731 0.00030588502508894773
0.00057545948744499090 0.00022553313790140320
0.00076184312710328764 0.00029858030807189824
0.00052886357753041669 0.00020727134535877944
0.00037043748382086460 0.00014518125071385875
0.00033316075588920527 0.00013057181667975980
0.00055029769609112088 0.00021567176992838642
0.00058477866942790579 0.00022918549640992802
0.00061273621537665023 0.00024014257193550226
0.00492751747346621867 0.00193118456138246120
0.00750427129174216848 0.00294106168898955337
0.00734770903442919995 0.00287970206604633815
0.00730856847010095782 0.00286436216031053445
0.00336189490033652651 0.00131758833195030314
0.00078514108206057475 0.00030771120434321011
0.00078514108206057475 0.00030771120434321011
0.00078514108206057475 0.00030771120434321011
0.00047294848563292791 0.00018535719430763106
0.00079352834584519812 0.00031099832700088242
0.00087367331089826562 0.00034240861017419523
0.00087367331089826562 0.00034240861017419523
0.00087367331089826562 0.00034240861017419523
0.00074413668133574938 0.00029164082690570121
0.00069427905772715499 0.00027210070888509369
0.00088765208387263795 0.00034788714793698234
0.00100414185865907316 0.00039354162929354172
0.00100414185865907316 0.00039354162929354172
0.00100414185865907316 0.00039354162929354172
0.00529562516179135287 0.00207545272246918841
0.00529562516179135287 0.00207545272246918841
0.00529562516179135287 0.00207545272246918841
0.00529562516179135287 0.00207545272246918841
0.00089370955216153244 0.00035026118096752340
0.00102511001812063160 0.00040175943593772240
0.00106797825524203977 0.00041856028507693624
0.00133264302355682110 0.00052228726671903918
0.00154698420916386239 0.00060629151241510840
0.00304597463111571255 0.00119377337851131406
0.00073388558115454309 0.00028762323254632392
0.00047155060833549049 0.00018480934053135225
0.00039140564328242293 0.00015339905735803943
0.00033316075588920527 0.00013057181667975980
0.00010018120631633444 0.00003926285396664105
0.00010018120631633444 0.00003926285396664105
0.00010018120631633444 0.00003926285396664105
0.00010018120631633444 0.00003926285396664105
0.00010018120631633444 0.00003926285396664105
0.00010018120631633444 0.00003926285396664105
0.00018032617136940198 0.00007067313713995390
0.00050090603158167225 0.00019631426983320524
0.00050090603158167225 0.00019631426983320524
0.00050090603158167225 0.00019631426983320524
0.00067564069376132544 0.00026479599186804431
0.00047155060833549049 0.00018480934053135225
0.00039140564328242293 0.00015339905735803943
0.00039140564328242293 0.00015339905735803943
0.00010018120631633444 0.00003926285396664105
0.00010018120631633444 0.00003926285396664105
0.00010018120631633444 0.00003926285396664105
0.00010018120631633444 0.00003926285396664105
0.00010018120631633444 0.00003926285396664105
0.00010018120631633444 0.00003926285396664105
0.00010018120631633444 0.00003926285396664105
0.00010018120631633444 0.00003926285396664105
0.00042076106652860469 0.00016490398665989242
0.00050090603158167225 0.00019631426983320524
0.00050090603158167225 0.00019631426983320524
0.00067564069376132544 0.00026479599186804431
0.00063184053844162565 0.00024762990687797801
0.00039140564328242293 0.00015339905735803943
0.00039140564328242293 0.00015339905735803943
0.00010018120631633444 0.00003926285396664105
0.00010018120631633444 0.00003926285396664105
0.00010018120631633444 0.00003926285396664105
0.00010018120631633444 0.00003926285396664105
0.00010018120631633444 0.00003926285396664105
0.00010018120631633444 0.00003926285396664105
0.00010018120631633444 0.00003926285396664105
0.00010018120631633444 0.00003926285396664105
0.00010018120631633444 0.00003926285396664105
0.00010018120631633444 0.00003926285396664105
0.00010018120631633444 0.00003926285396664105
0.00010018120631633444 0.00003926285396664105
0.00010018120631633444 0.00003926285396664105
0.00010018120631633444 0.00003926285396664105
0.00010018120631633444 0.00003926285396664105
0.00010018120631633444 0.00003926285396664105
0.00033316075588920527 0.00013057181667975980
0.00039140564328242293 0.00015339905735803943
0.00039140564328242293 0.00015339905735803943
0.00033316075588920527 0.00013057181667975980
0.00010018120631633444 0.00003926285396664105
0.00010018120631633444 0.00003926285396664105
0.00010018120631633444 0.00003926285396664105
0.00010018120631633444 0.00003926285396664105
0.00050090603158167225 0.00019631426983320524
0.00050090603158167225 0.00019631426983320524
0.00050090603158167225 0.00019631426983320524
0.00050090603158167225 0.00019631426983320524
0.00026047113642246959 0.00010208342031326674
0.00010018120631633444 0.00003926285396664105
0.00010018120631633444 0.00003926285396664105
0.00072223660367589954 0.00028305778441066801
0.00072223660367589954 0.00028305778441066801
0.00716412114936577655 0.00280775060342840048
0.00716412114936577655 0.00280775060342840048
0.00712218483044266010 0.00279131499014003857
0.00709422728449391783 0.00278035791461446512
0.00095987574424022783 0.00037619292637804905
0.00102045042712917405 0.00039993325668346002
0.00239363189231167573 0.00093810828291458206
0.00078747087755630331 0.00030862429397034125
0.00062718094745016831 0.00024580372762371562
0.00041283976184312707 0.00016179948192764635
0.00041936318923116732 0.00016435613288361367
0.00071058762619725599 0.00027849233627501210
0.00071058762619725599 0.00027849233627501210
0.00071058762619725599 0.00027849233627501210
0.00059409785141082056 0.00023283785491845274
0.00170774009836914304 0.00066929469668716008
0.00686124773492104417 0.00268904895190134625
0.00686124773492104417 0.00268904895190134625
0.00718182759513331503 0.00281469008459459685
0.00597359565104840784 0.00234116180396436386
0.00082008801449650541 0.00032140754875017790
0.00079399430494434377 0.00031118094492630863
0.00191555785658814397 0.00075074229142726219
0.00682863059798084412 0.00267626569712150954
0.00694512037276728052 0.00272192017847806963
0.00711985503494693295 0.00279040190051290824
0.00583147812580895632 0.00228546333670936151
0.00441263266891017258 0.00172939175378646840
0.00688687548537406189 0.00269909293779978980
0.00682863059798084412 0.00267626569712150954
0.00682863059798084412 0.00267626569712150954
0.00557659849857623617 0.00218557133150120916
0.00302407455345586346 0.00118519033601628102
0.00704949521097592534 0.00276282659377354543
0.00732254724307533113 0.00286984069807332161
0.00743903701786176666 0.00291549517942988170
0.00503701786176546668 0.00197409977385762641
0.00117188713435154024 0.00045928408244698719
0.00077116230908620242 0.00030223266658042296
0.00053818275951333157 0.00021092370386730424
0.00047993787212011392 0.00018809646318902453
0.00054051255500906035 0.00021183679349443546
0.00072410044007248256 0.00028378825611237294
0.00063603417033393744 0.00024927346820681408
0.00063603417033393744 0.00024927346820681408
0.00064162567952368618 0.00025146488331192893
0.00069567693502459226 0.00027264856266137247
0.00086435412891535085 0.00033875625166567052
0.00103908879109500425 0.00040723797370050951
0.00118353611183018401 0.00046384953058264321
0.00124224695832254720 0.00048685938918634897
0.00123106393994304930 0.00048247655897611921
0.00087833290188972317 0.00034423478942845757
0.00087833290188972317 0.00034423478942845757
0.00087833290188972317 0.00034423478942845757
0.00087833290188972317 0.00034423478942845757
0.00098736733108982641 0.00038696738397819705
0.00376960911208905044 0.00147737901669826107
0.00774191043230649731 0.00303419683095693593
0.00785607041159720396 0.00307893822268636352
0.00785840020709293284 0.00307985131231349471
0.00650944861506601042 0.00255117241820453696
0.00837281905254983264 0.00328146150198406093
0.00834625938389852405 0.00327105228023476507
0.00880103546466476892 0.00344928737545077300
0.00738405384416256777 0.00289394626422958493
0.00214201397877297403 0.00083949460318441342
0.00226735697644317880 0.00088861882512407126
0.00242578307015273078 0.00095070891976899207
0.00215739062904478406 0.00084552099472347925
0.00239968936060056936 0.00094048231594512279
0.00231115713176287913 0.00090578491011413800
0.00244162567952368624 0.00095691792923348416
0.00223660367589956005 0.00087656604204593971
0.00196168780740357297 0.00076882146604445969
0.00207351799119855030 0.00081264976814675652
0.00210147553714729474 0.00082360684367233084
0.00231022521356458784 0.00090541967426328515
0.00557846233497281789 0.00218630180320291464
0.00899999999999999932 0.00352726522960777628
0.00897204245405125791 0.00351630815408220240
0.00897204245405125791 0.00351630815408220240
0.00597219777375097155 0.00234061395018808540
0.00231255500906031586 0.00090633276389041634
0.00211778410561739606 0.00082999847106224919
0.00180093191819829168 0.00070581828177240769
0.00178462334972819057 0.00069942665438248934
0.00168863577530416805 0.00066180736174468460
0.00164809733367848833 0.00064591960223260179
0.00183448097333678475 0.00071896677240309681
0.00150271809474501663 0.00058894280949961574
0.00380921563551643756 0.00149290154035949113
0.00124644059021485911 0.00048850295051518526
0.00124644059021485911 0.00048850295051518526
0.00034061610147553714 0.00013349370348657955
0.00050090603158167225 0.00019631426983320524
0.00050090603158167225 0.00019631426983320524
0.00073388558115454309 0.00028762323254632392
0.00071198550349469325 0.00027904019005129082
0.00039140564328242293 0.00015339905735803943
