0.00007692794732176777 0.00003014947486368557
0.00007692794732176777 0.00003014947486368557
0.00007692794732176777 0.00003014947486368557
0.00007692794732176777 0.00003014947486368557
0.00007692794732176777 0.00003014947486368557
0.00007692794732176777 0.00003014947486368557
0.00007692794732176777 0.00003014947486368557
0.00007692794732176777 0.00003014947486368557
0.00007692794732176777 0.00003014947486368557
0.00007692794732176777 0.00003014947486368557
0.00007692794732176777 0.00003014947486368557
0.00007692794732176777 0.00003014947486368557
0.00007692794732176777 0.00003014947486368557
0.00007692794732176777 0.00003014947486368557
0.00007692794732176777 0.00003014947486368557
0.00007692794732176777 0.00003014947486368557
0.00007692794732176777 0.00003014947486368557
0.00007692794732176777 0.00003014947486368557
0.00007692794732176777 0.00003014947486368557
0.00007692794732176777 0.00003014947486368557
0.00024958845131062431 0.00009781829622440204
0.00036469545396986209 0.00014293084379821307
0.00036469545396986209 0.00014293084379821307
0.00013448144865138659 0.00005270574865059106
0.00007692794732176777 0.00003014947486368557
0.00007692794732176777 0.00003014947486368557
0.00007692794732176777 0.00003014947486368557
0.00007692794732176777 0.00003014947486368557
0.00007692794732176777 0.00003014947486368557
0.00007692794732176777 0.00003014947486368557
0.00007692794732176777 0.00003014947486368557
0.00007692794732176777 0.00003014947486368557
0.00007692794732176777 0.00003014947486368557
0.00007692794732176777 0.00003014947486368557
0.00013448144865138659 0.00005270574865059106
0.00036469545396986209 0.00014293084379821307
0.00036469545396986209 0.00014293084379821307
0.00024958845131062431 0.00009781829622440204
0.00007692794732176777 0.00003014947486368557
0.00007692794732176777 0.00003014947486368557
0.00007692794732176777 0.00003014947486368557
0.00007692794732176777 0.00003014947486368557
0.00007692794732176777 0.00003014947486368557
0.00007692794732176777 0.00003014947486368557
0.00007692794732176777 0.00003014947486368557
0.00007692794732176777 0.00003014947486368557
0.00007692794732176777 0.00003014947486368557
0.00007692794732176777 0.00003014947486368557
0.00007692794732176777 0.00003014947486368557
0.00024958845131062431 0.00009781829622440204
0.00036469545396986209 0.00014293084379821307
0.00036469545396986209 0.00014293084379821307
0.00013448144865138659 0.00005270574865059106
0.00007692794732176777 0.00003014947486368557
0.00007692794732176777 0.00003014947486368557
0.00007692794732176777 0.00003014947486368557
0.00007692794732176777 0.00003014947486368557
0.00007692794732176777 0.00003014947486368557
0.00007692794732176777 0.00003014947486368557
0.00007692794732176777 0.00003014947486368557
0.00007692794732176777 0.00003014947486368557
0.00007692794732176777 0.00003014947486368557
0.00007692794732176777 0.00003014947486368557
0.00007692794732176777 0.00003014947486368557
0.00007692794732176777 0.00003014947486368557
0.00007692794732176777 0.00003014947486368557
0.00013448144865138659 0.00005270574865059106
0.00036469545396986209 0.00014293084379821307
0.00036469545396986209 0.00014293084379821307
0.00024958845131062431 0.00009781829622440204
0.00007692794732176777 0.00003014947486368557
0.00007692794732176777 0.00003014947486368557
0.00007692794732176777 0.00003014947486368557
0.00007692794732176777 0.00003014947486368557
0.00007692794732176777 0.00003014947486368557
0.00007692794732176777 0.00003014947486368557
0.00007692794732176777 0.00003014947486368557
0.00007692794732176777 0.00003014947486368557
0.00014872736482208435 0.00005828898473645878
0.00030201342281879198 0.00011836460502039516
0.00013448144865138659 0.00005270574865059106
0.00036469545396986209 0.00014293084379821307
0.00036469545396986209 0.00014293084379821307
0.00024958845131062431 0.00009781829622440204
0.00007692794732176777 0.00003014947486368557
0.00007692794732176777 0.00003014947486368557
0.00007692794732176777 0.00003014947486368557
0.00007692794732176777 0.00003014947486368557
0.00007692794732176777 0.00003014947486368557
0.00007692794732176777 0.00003014947486368557
0.00009687222996074460 0.00003796600538390035
0.00025642649107255922 0.00010049824954561856
0.00029631505635051292 0.00011613131058604809
0.00733009370647081260 0.00287279829562236575
0.00035386855768013175 0.00013868758437295361
0.00058408256299860703 0.00022891267952057558
0.00058408256299860703 0.00022891267952057558
0.00046897556033936936 0.00018380013194676460
0.00029631505635051292 0.00011613131058604809
0.00216480942129922789 0.00084842855560845532
0.00028434848676712679 0.00011144139227391923
0.00027637077371153599 0.00010831478006583332
0.00027637077371153599 0.00010831478006583332
0.00027637077371153599 0.00010831478006583332
0.00027637077371153599 0.00010831478006583332
0.00027637077371153599 0.00010831478006583332
0.00029232619982271749 0.00011456800448200514
0.00216480942129922789 0.00084842855560845532
0.00029631505635051292 0.00011613131058604809
0.00029631505635051292 0.00011613131058604809
0.00029631505635051292 0.00011613131058604809
0.00035386855768013175 0.00013868758437295361
0.00058408256299860703 0.00022891267952057558
0.00062966949474483995 0.00024677903499535224
0.00046897556033936936 0.00018380013194676460
0.00029631505635051292 0.00011613131058604809
0.00029631505635051292 0.00011613131058604809
0.00029631505635051292 0.00011613131058604809
0.00028035963023933142 0.00010987808616987628
0.00027637077371153599 0.00010831478006583332
0.00027637077371153599 0.00010831478006583332
0.00027637077371153599 0.00010831478006583332
0.00027637077371153599 0.00010831478006583332
0.00027637077371153599 0.00010831478006583332
0.00198246169431429663 0.00077696313370934880
0.00311985564138280401 0.00122272870280502573
0.00292041281499303557 0.00114456339760287806
0.00292041281499303557 0.00114456339760287806
0.00320818032164112924 0.00125734476653740503
0.00320818032164112924 0.00125734476653740503
0.00315062682031151025 0.00123478849275049959
0.00292041281499303557 0.00114456339760287806
0.00292041281499303557 0.00114456339760287806
0.00292041281499303557 0.00114456339760287806
0.00292041281499303557 0.00114456339760287806
0.00292041281499303557 0.00114456339760287806
0.00121432189439027493 0.00047591504395936250
0.00007692794732176777 0.00003014947486368557
0.00007692794732176777 0.00003014947486368557
0.00007692794732176777 0.00003014947486368557
0.00007692794732176777 0.00003014947486368557
0.00007692794732176777 0.00003014947486368557
0.00030714195264024320 0.00012037457001130755
0.00036469545396986209 0.00014293084379821307
0.00036469545396986209 0.00014293084379821307
0.00007692794732176777 0.00003014947486368557
0.00007692794732176777 0.00003014947486368557
0.00007692794732176777 0.00003014947486368557
0.00007692794732176777 0.00003014947486368557
0.00007692794732176777 0.00003014947486368557
0.00007692794732176777 0.00003014947486368557
0.00007692794732176777 0.00003014947486368557
0.00007692794732176777 0.00003014947486368557
0.00007692794732176777 0.00003014947486368557
0.00007692794732176777 0.00003014947486368557
0.00007692794732176777 0.00003014947486368557
0.00007692794732176777 0.00003014947486368557
0.00007692794732176777 0.00003014947486368557
0.00007692794732176777 0.00003014947486368557
0.00013448144865138659 0.00005270574865059106
0.00036469545396986209 0.00014293084379821307
0.00036469545396986209 0.00014293084379821307
0.00024958845131062431 0.00009781829622440204
0.00007692794732176777 0.00003014947486368557
0.00007692794732176777 0.00003014947486368557
0.00007692794732176777 0.00003014947486368557
0.00007692794732176777 0.00003014947486368557
0.00007692794732176777 0.00003014947486368557
0.00007692794732176777 0.00003014947486368557
0.00007692794732176777 0.00003014947486368557
0.00007692794732176777 0.00003014947486368557
0.00007692794732176777 0.00003014947486368557
0.00007692794732176777 0.00003014947486368557
0.00013448144865138659 0.00005270574865059106
0.00036469545396986209 0.00014293084379821307
0.00036469545396986209 0.00014293084379821307
0.00024958845131062431 0.00009781829622440204
0.00007692794732176777 0.00003014947486368557
0.00007692794732176777 0.00003014947486368557
0.00007692794732176777 0.00003014947486368557
0.00007692794732176777 0.00003014947486368557
0.00007692794732176777 0.00003014947486368557
0.00007692794732176777 0.00003014947486368557
0.00007692794732176777 0.00003014947486368557
0.00027637077371153599 0.00010831478006583332
0.00027637077371153599 0.00010831478006583332
0.00031397999240217805 0.00012305452333252404
0.00032338229707483851 0.00012673945914919670
0.00057923895150056989 0.00022701437925138054
0.00071799417500316572 0.00028139509872773192
0.00071799417500316572 0.00028139509872773192
0.00043022666835507161 0.00016861372979320443
0.00043022666835507161 0.00016861372979320443
0.00043022666835507161 0.00016861372979320443
0.00043022666835507161 0.00016861372979320443
0.00043022666835507161 0.00016861372979320443
0.00043022666835507161 0.00016861372979320443
0.00043022666835507161 0.00016861372979320443
0.00051570216537925808 0.00020211314630841067
0.00051570216537925808 0.00020211314630841067
0.00048920476130176027 0.00019172832718869671
0.00052396479675826269 0.00020535142323821389
0.00046384703051791830 0.00018179016695585225
0.00043307585158921109 0.00016973037701037793
0.00060146258072685840 0.00023572422754533420
0.00071656958338609585 0.00028083677511914516
0.00063109408636190961 0.00024733735860393895
0.00059319994934785357 0.00023248595061553089
0.00039974040774977849 0.00015666560456944760
0.00201579713815372950 0.00079002790615027916
0.00199300367228061326 0.00078109472841289107
0.00209642902367987872 0.00082162902239629027
0.00223660883879954432 0.00087656806548122850
0.00223261998227174911 0.00087500475937718545
0.00221666455616056782 0.00086875153496101371
0.00053422185640116492 0.00020937135322003864
0.00049746739268076488 0.00019496660411849999
0.00034275674306698749 0.00013433266022597681
0.00124281372673167045 0.00048708151613109792
0.00061969735342535148 0.00024287076973524485
0.00061969735342535148 0.00024287076973524485
0.00044276307458528558 0.00017352697754876805
0.00031056097252121062 0.00012171454667191579
0.00031056097252121062 0.00012171454667191579
0.00031056097252121062 0.00012171454667191579
0.00035614790426744339 0.00013958090214669243
0.00042139420032923894 0.00016515212341996647
0.00055559073065721161 0.00021774620734884019
0.00263236039002152835 0.00103167036394663319
0.00318909079397239423 0.00124986323018234252
0.00318510193744459946 0.00124829992407829980
0.00362729517538305660 0.00142160357218363296
0.00300873749525136167 0.00117917946133525779
0.00329650500189945577 0.00129196083026978520
0.00329650500189945577 0.00129196083026978520
0.00323895150056983721 0.00126940455648287976
0.00300873749525136167 0.00117917946133525779
0.00300873749525136167 0.00117917946133525779
0.00311130809168038563 0.00121937876115350515
0.00313410155755350145 0.00122831193889089336
0.00101886792452830213 0.00039931304486125766
0.00041256173230340643 0.00016169051704672852
0.00080831328352538943 0.00031679281551213312
0.00038321514499176893 0.00015018905070984104
0.00038321514499176893 0.00015018905070984104
0.00037894137014055968 0.00014851407988408075
0.00036184627073572250 0.00014181419658103949
0.00036184627073572250 0.00014181419658103949
0.00046441686716474625 0.00018201349639928693
0.00634342155248828615 0.00248610336431516823
0.00899999999999999932 0.00352726522960777628
0.00454872103330378717 0.00178272728221755554
0.00466268836266936840 0.00182739317090449722
0.00485244396606306343 0.00190176187556825491
0.00280074711915917441 0.00109766421448158910
0.00147017854881600625 0.00057618996406154637
0.00144197163479802470 0.00056513515661152835
0.00121375205774344698 0.00047569171451592780
0.00121375205774344698 0.00047569171451592780
0.00121375205774344698 0.00047569171451592780
0.00124224389008484250 0.00048685818668766316
0.00127358490566037734 0.00049914130607657211
0.00116360643282259089 0.00045603872349367353
0.00136475876915284297 0.00053487401702612537
0.00132202102064074957 0.00051812430876852227
0.00107414207927060911 0.00042097600087442433
0.00122087501582879569 0.00047848333255886161
0.00131632265417247095 0.00051589101433417532
0.00124537799164239600 0.00048808649862655410
0.00151889958211979268 0.00059528463147521399
0.00167959351652526316 0.00065826353452380149
0.00180780676206154225 0.00070851265929661080
0.00144937951120678761 0.00056803843937617952
0.00152003925541344836 0.00059573129036208329
0.00160551475243763471 0.00062923070687728950
0.00160551475243763471 0.00062923070687728950
0.00153713435481828554 0.00060243117366512455
0.00136048499430163356 0.00053319904620036508
0.00109551095352665591 0.00042935085500322599
0.00123227174876535403 0.00048294992142755577
0.00007692794732176777 0.00003014947486368557
0.00007692794732176777 0.00003014947486368557
0.00007692794732176777 0.00003014947486368557
0.00007692794732176777 0.00003014947486368557
0.00031483474737241997 0.00012338951749767612
0.00052909332657971391 0.00020736138822912629
0.00007692794732176777 0.00003014947486368557
0.00007692794732176777 0.00003014947486368557
