-0.00000000000000000000 -0.00000000000000000000
-0.00000000000000000000 -0.00000000000000000000
-0.00000000000000000000 -0.00000000000000000000
-0.00000000000000000000 -0.00000000000000000000
-0.00000000000000000000 -0.00000000000000000000
-0.00000000000000000000 -0.00000000000000000000
-0.00000000000000000000 -0.00000000000000000000
-0.00000000000000000000 -0.00000000000000000000
-0.00000000000000000000 -0.00000000000000000000
-0.00000000000000000000 -0.00000000000000000000
-0.00000000000000000000 -0.00000000000000000000
-0.00000000000000000000 -0.00000000000000000000
-0.00000000000000000000 -0.00000000000000000000
-0.00000000000000000000 -0.00000000000000000000
-0.00000000000000000000 -0.00000000000000000000
-0.00000000000000000000 -0.00000000000000000000
-0.00000000000000000000 -0.00000000000000000000
-0.00000000000000000000 -0.00000000000000000000
-0.00000000000000000000 -0.00000000000000000000
-0.00000000000000000000 -0.00000000000000000000
-0.00000000000000000000 -0.00000000000000000000
-0.00000000000000000000 -0.00000000000000000000
-0.00000000000000000000 -0.00000000000000000000
-0.00000000000000000000 -0.00000000000000000000
-0.00000000000000000000 -0.00000000000000000000
-0.00000000000000000000 -0.00000000000000000000
-0.00000000000000000000 -0.00000000000000000000
-0.00000000000000000000 -0.00000000000000000000
-0.00000000000000000000 -0.00000000000000000000
-0.00000000000000000000 -0.00000000000000000000
-0.00000000000000000000 -0.00000000000000000000
-0.00000000000000000000 -0.00000000000000000000
-0.00000000000000000000 -0.00000000000000000000
-0.00000000000000000000 -0.00000000000000000000
-0.00000000000000000000 -0.00000000000000000000
-0.00000000000000000000 -0.00000000000000000000
-0.00000000000000000000 -0.00000000000000000000
-0.00000000000000000000 -0.00000000000000000000
-0.00000000000000000000 -0.00000000000000000000
-0.00000000000000000000 -0.00000000000000000000
-0.00000000000000000000 -0.00000000000000000000
-0.00000000000000000000 -0.00000000000000000000
-0.00000000000000000000 -0.00000000000000000000
-0.00000000000000000000 -0.00000000000000000000
-0.00000000000000000000 -0.00000000000000000000
-0.00000892682926829268 -0.00000000000000000000
-0.00003525950455327006 -0.00000000000000000000
-0.00009614978029675858 -0.00000000000000000000
-0.00021076227472457493 -0.00000000000000000000
-0.00030009552314844297 -0.00000000000000000000
-0.00030238807871107434 -0.00000000000000000000
-0.00028570973699293129 -0.00000000000000000000
-0.00030338151945488121 -0.00000000000000000000
-0.00040098707253391068 -0.00000000000000000000
-0.00055061453225498309 -0.00000000000000000000
-0.00063303190473157995 -0.00000000000000000000
-0.00067328535948544860 -0.00000000000000000000
-0.00075203464306183528 -0.00000000000000000000
-0.00084188371648729558 -0.00000000000000000000
-0.00091171113799910840 -0.00000000000000000000
-0.00096996115391963320 -0.00000000000000000000
-0.00103810736801884947 -0.00000000000000000000
-0.00113460485257594083 -0.00000000000000000000
-0.00126329363815831349 -0.00000000000000000000
-0.00143565560720881349 -0.00000000000000000000
-0.00194198560784563431 -0.00000000000000000000
-0.00276520410112717331 -0.00000000000000000000
-0.00309953512067757692 -0.00000000000000000000
-0.00263108960071324009 -0.00000000000000000000
-0.00313124880596064425 -0.00000000000000000000
-0.00352174743679551641 -0.00000000000000000000
-0.00383735591925109818 -0.00000000000000000000
-0.00582691205502133217 -0.00000000000000000000
-0.00640807489014837833 -0.00000000000000000000
-0.00968967713175825952 -0.00000000000000000000
-0.00781226517226007739 -0.00000000000000000000
-0.00748614914347576783 -0.00000000000000000000
-0.00808909125644781402 -0.00000000000000000000
-0.00658574794625230771 -0.00000000000000000000
-0.00718162134623957175 -0.00000000000000000000
-0.00950455327007578357 -0.00000000000000000000
-0.00906763038909762231 -0.00000000000000000000
-0.00725899509647837983 -0.00000000000000000000
-0.00972922371521365605 -0.00000000000000000000
-0.01150136916512768497 -0.00000000000000000000
-0.01120008915493854798 -0.00000000000000000000
-0.01307081449404572278 -0.00000000000000000000
-0.01430440043303827374 -0.00000000000000000000
-0.01503553461122078376 -0.00000000000000000000
-0.01674100490352161894 -0.00000000000000000000
-0.01628669680952684468 -0.00000000000000000000
-0.01840138826975737038 -0.00000000000000000000
-0.01441157740559128458 -0.00000000000000000000
-0.00579042221231611687 -0.00000000000000000000
-0.01479691778641024046 -0.00000000000000000000
-0.01650429854167993066 -0.00000000000000000000
-0.01671884353308284929 -0.00000000000000000000
-0.01686671336687257244 -0.00000000000000000000
-0.01711297204355855320 -0.00000000000000000000
-0.01751397822072215185 -0.00000000000000000000
-0.01420180857161052086 -0.00000000000000000000
-0.01889715341017639619 -0.00000000000000000000
-0.00891689486085461315 -0.00000000000000000000
-0.00299426861109342154 -0.00000000000000000000
-0.01307864739221804677 -0.00000000000000000000
-0.01983251607972998792 -0.00000000000000000000
-0.02034452015538432135 -0.00000000000000000000
-0.02065210469337068824 -0.00000000000000000000
-0.02099025663885881535 -0.00000000000000000000
-0.02140482710310131695 -0.00000000000000000000
-0.02180984525249951914 -0.00000000000000000000
-0.02214035534611221226 -0.00000000000000000000
-0.02249570145832006235 -0.00000000000000000000
-0.02215754951283194218 -0.00000000000000000000
-0.02359612812838311063 -0.00000000000000000000
-0.02421320766732472027 -0.00000000000000000000
-0.02413869961153919733 -0.00000000000000000000
-0.02290645099662485043 -0.00000000000000000000
-0.02662230147105648301 -0.00000000000000000000
-0.01430172578488186907 -0.00000000000000000000
-0.01880163026173342633 -0.00000000000000000000
-0.02721072406546519787 -0.00000000000000000000
-0.02403744507418964504 -0.00000000000000000000
-0.01635337196714003322 -0.00000000000000000000
-0.01170865439724893230 -0.00000000000000000000
-0.02751448767751385124 -0.00000000000000000000
-0.02485130229892376988 -0.00000000000000000000
-0.01625574730943131485 -0.00000000000000000000
-0.02827294147615105196 -0.00000000000000000000
-0.02587148952429472321 -0.00000000000000000000
-0.02349487359103355835 -0.00000000000000000000
-0.02826338916130676296 -0.00000000000000000000
-0.01915239126281601673 -0.00000000000000000000
-0.00572928739731261554 -0.00000000000000000000
-0.00537317709991721234 -0.00000000000000000000
-0.02227790867987008636 -0.00000000000000000000
-0.02744953193657263119 -0.00000000000000000000
-0.02785646054893969187 -0.00000000000000000000
-0.02863783990320321188 -0.00000000000000000000
-0.02849455518053875536 -0.00000000000000000000
-0.02617143221040565265 -0.00000000000000000000
-0.00723014710564860198 -0.00000000000000000000
-0.01242106603833662351 -0.00000000000000000000
-0.01648710437496019726 -0.00000000000000000000
-0.00995943450296122093 -0.00000000000000000000
-0.01839775839011653993 -0.00000000000000000000
-0.02330573775711647366 -0.00000000000000000000
-0.01109768833980767991 -0.00000000000000000000
-0.01191899637012035912 -0.00000000000000000000
-0.01036044068012481785 -0.00000000000000000000
-0.01357746927338725207 -0.00000000000000000000
-0.01759345348022671104 -0.00000000000000000000
-0.02754887601095332150 -0.00000000000000000000
-0.02407183340762911530 -0.00000000000000000000
-0.01005610392918550484 -0.00000000000000000000
-0.00759733808826338741 -0.00000000000000000000
-0.01668273578297140361 -0.00000000000000000000
-0.02999999999999999889 -0.00000000000000000000
-0.02854995860663567600 -0.00000000000000000000
-0.02695090110170031417 -0.00000000000000000000
-0.02711711137999108651 -0.00000000000000000000
-0.02644844934089028363 -0.00000000000000000000
-0.02870279564414443194 -0.00000000000000000000
-0.02824046360568044367 -0.00000000000000000000
-0.02629370184041265879 -0.00000000000000000000
-0.02007132395083742124 -0.00000000000000000000
-0.02623638795134687271 -0.00000000000000000000
-0.02623065656244030416 -0.00000000000000000000
-0.02524294720753995913 -0.00000000000000000000
-0.02557154683818378682 -0.00000000000000000000
-0.01963955931987518277 -0.00000000000000000000
-0.01572043558555689946 -0.00000000000000000000
-0.02478443609501368786 -0.00000000000000000000
-0.02504234859580971653 -0.00000000000000000000
-0.02245176081003629615 -0.00000000000000000000
-0.02563650257912501382 -0.00000000000000000000
-0.01951155830096160462 -0.00000000000000000000
-0.01845602751066675179 -0.00000000000000000000
-0.01662160096796790401 -0.00000000000000000000
-0.02031013182194485109 -0.00000000000000000000
-0.01947334904158441390 -0.00000000000000000000
-0.00764815640323505096 -0.00000000000000000000
-0.00622486149143475741 -0.00000000000000000000
-0.00604069286123670637 -0.00000000000000000000
-0.00741565305992485536 -0.00000000000000000000
-0.01298083168821244533 -0.00000000000000000000
-0.01994141246895497419 -0.00000000000000000000
-0.01575386868751194047 -0.00000000000000000000
-0.01174686365662612302 -0.00000000000000000000
-0.01066668789403298762 -0.00000000000000000000
-0.01320550213335031434 -0.00000000000000000000
-0.02011717506209004594 -0.00000000000000000000
-0.01885168439151754805 -0.00000000000000000000
-0.01259797490925300759 -0.00000000000000000000
-0.01145150608164044979 -0.00000000000000000000
-0.01241227790867987374 -0.00000000000000000000
-0.01461083869324332658 -0.00000000000000000000
-0.01492033369419856065 -0.00000000000000000000
-0.00910297395402152355 -0.00000000000000000000
-0.01286524867859644566 -0.00000000000000000000
-0.00676590460421575522 -0.00000000000000000000
-0.00801668470992804132 -0.00000000000000000000
-0.00775170349614723135 -0.00000000000000000000
-0.00705018149398204102 -0.00000000000000000000
-0.00570254091574858447 -0.00000000000000000000
-0.00430198051327771933 -0.00000000000000000000
-0.00325581099153028110 -0.00000000000000000000
-0.00266624211934025261 -0.00000000000000000000
-0.00248895115583009632 -0.00000000000000000000
-0.00256135770234986902 -0.00000000000000000000
-0.00281735974017703616 -0.00000000000000000000
-0.00326994841749984021 -0.00000000000000000000
-0.00376189263198114989 -0.00000000000000000000
-0.00426721008724447511 -0.00000000000000000000
-0.00441527096733108221 -0.00000000000000000000
-0.00427867286505763215 -0.00000000000000000000
-0.00543373877603005925 -0.00000000000000000000
-0.00591192765713557944 -0.00000000000000000000
-0.01029128192065210771 -0.00000000000000000000
-0.00873769343437559749 -0.00000000000000000000
-0.00442807106922244158 -0.00000000000000000000
-0.00417741832770808161 -0.00000000000000000000
-0.00252505890594153983 -0.00000000000000000000
-0.00190904922626249757 -0.00000000000000000000
-0.00170413296822263262 -0.00000000000000000000
-0.00198497102464497213 -0.00000000000000000000
-0.00181673565560720902 -0.00000000000000000000
-0.00175770234986945143 -0.00000000000000000000
-0.00203808189517926510 -0.00000000000000000000
-0.00176026237024772317 -0.00000000000000000000
-0.00124925173533719678 -0.00000000000000000000
-0.00095679806406419158 -0.00000000000000000000
-0.00087325351843596771 -0.00000000000000000000
-0.00078525759409030118 -0.00000000000000000000
-0.00063733044641151374 -0.00000000000000000000
-0.00045895051900910649 -0.00000000000000000000
-0.00033870597974909247 -0.00000000000000000000
-0.00021519454881232887 -0.00000000000000000000
-0.00017544163535630137 -0.00000000000000000000
-0.00017709609628733364 -0.00000000000000000000
-0.00019652932560657198 -0.00000000000000000000
-0.00017041329682226326 -0.00000000000000000000
-0.00009006113481500351 -0.00000000000000000000
-0.00006865630771190217 -0.00000000000000000000
-0.00006646309622365153 -0.00000000000000000000
-0.00006154174361586958 -0.00000000000000000000
-0.00004146659873909443 -0.00000000000000000000
-0.00002186524867859645 -0.00000000000000000000
-0.00000204629688594536 -0.00000000000000000000
-0.00000000000000000000 -0.00000000000000000000
-0.00000000000000000000 -0.00000000000000000000
-0.00000000000000000000 -0.00000000000000000000
-0.00000000000000000000 -0.00000000000000000000
-0.00000000000000000000 -0.00000000000000000000
-0.00000000000000000000 -0.00000000000000000000
-0.00000000000000000000 -0.00000000000000000000
-0.00000000000000000000 -0.00000000000000000000
-0.00000000000000000000 -0.00000000000000000000
-0.00000000000000000000 -0.00000000000000000000
-0.00000000000000000000 -0.00000000000000000000
-0.00000000000000000000 -0.00000000000000000000
-0.00000000000000000000 -0.00000000000000000000
-0.00000000000000000000 -0.00000000000000000000
-0.00000000000000000000 -0.00000000000000000000
-0.00000000000000000000 -0.00000000000000000000
-0.00000000000000000000 -0.00000000000000000000
-0.00000000000000000000 -0.00000000000000000000
-0.00000000000000000000 -0.00000000000000000000
-0.00000000000000000000 -0.00000000000000000000
-0.00000000000000000000 -0.00000000000000000000
-0.00000000000000000000 -0.00000000000000000000
-0.00000000000000000000 -0.00000000000000000000
-0.00000000000000000000 -0.00000000000000000000
-0.00000000000000000000 -0.00000000000000000000
-0.00000000000000000000 -0.00000000000000000000
-0.00000000000000000000 -0.00000000000000000000
-0.00000000000000000000 -0.00000000000000000000
-0.00000000000000000000 -0.00000000000000000000
-0.00000000000000000000 -0.00000000000000000000
-0.00000000000000000000 -0.00000000000000000000
-0.00000000000000000000 -0.00000000000000000000
-0.00000000000000000000 -0.00000000000000000000
-0.00000000000000000000 -0.00000000000000000000
-0.00000000000000000000 -0.00000000000000000000
-0.00000000000000000000 -0.00000000000000000000
-0.00000000000000000000 -0.00000000000000000000
-0.00000000000000000000 -0.00000000000000000000
-0.00000000000000000000 -0.00000000000000000000
