-0.00000000000000000000 -0.00000000000000000000
-0.00000000000000000000 -0.00000000000000000000
-0.00000000000000000000 -0.00000000000000000000
-0.00000000000000000000 -0.00000000000000000000
-0.00000000000000000000 -0.00000000000000000000
-0.00000000000000000000 -0.00000000000000000000
-0.00000000000000000000 -0.00000000000000000000
-0.00000000000000000000 -0.00000000000000000000
-0.00000000000000000000 -0.00000000000000000000
-0.00000000000000000000 -0.00000000000000000000
-0.00000000000000000000 -0.00000000000000000000
-0.00000000000000000000 -0.00000000000000000000
-0.00000000000000000000 -0.00000000000000000000
-0.00000000000000000000 -0.00000000000000000000
-0.00000000000000000000 -0.00000000000000000000
-0.00000000000000000000 -0.00000000000000000000
-0.00000000000000000000 -0.00000000000000000000
-0.00000000000000000000 -0.00000000000000000000
-0.00000000000000000000 -0.00000000000000000000
-0.00000000000000000000 -0.00000000000000000000
-0.00000000000000000000 -0.00000000000000000000
-0.00000000000000000000 -0.00000000000000000000
-0.00000000000000000000 -0.00000000000000000000
-0.00000000000000000000 -0.00000000000000000000
-0.00000000000000000000 -0.00000000000000000000
-0.00000000000000000000 -0.00000000000000000000
-0.00000000000000000000 -0.00000000000000000000
-0.00000000000000000000 -0.00000000000000000000
-0.00000000000000000000 -0.00000000000000000000
-0.00000000000000000000 -0.00000000000000000000
-0.00000000000000000000 -0.00000000000000000000
-0.00000000000000000000 -0.00000000000000000000
-0.00000000000000000000 -0.00000000000000000000
-0.00000000000000000000 -0.00000000000000000000
-0.00000000000000000000 -0.00000000000000000000
-0.00000000000000000000 -0.00000000000000000000
-0.00000000000000000000 -0.00000000000000000000
-0.00000000000000000000 -0.00000000000000000000
-0.00000000000000000000 -0.00000000000000000000
-0.00000000000000000000 -0.00000000000000000000
-0.00000000000000000000 -0.00000000000000000000
-0.00000000000000000000 -0.00000000000000000000
-0.00000000000000000000 -0.00000000000000000000
-0.00000000000000000000 -0.00000000000000000000
-0.00000000000000000000 -0.00000000000000000000
-0.00000892638994516271 -0.00000000000000000000
-0.00003525837569547292 -0.00000000000000000000
-0.00009614697994636353 -0.00000000000000000000
-0.00021075531361325705 -0.00000000000000000000
-0.00030008405715886802 -0.00000000000000000000
-0.00030237761677940998 -0.00000000000000000000
-0.00028571028299243488 -0.00000000000000000000
-0.00030337429452027376 -0.00000000000000000000
-0.00040096465596605699 -0.00000000000000000000
-0.00055058639875115074 -0.00000000000000000000
-0.00063299843893847808 -0.00000000000000000000
-0.00067326181803626468 -0.00000000000000000000
-0.00075199935956450376 -0.00000000000000000000
-0.00084185646239442840 -0.00000000000000000000
-0.00091167193691710376 -0.00000000000000000000
-0.00096993555617820115 -0.00000000000000000000
-0.00103806988752351602 -0.00000000000000000000
-0.00113456750590401460 -0.00000000000000000000
-0.00126325901613096904 -0.00000000000000000000
-0.00143557619181043086 -0.00000000000000000000
-0.00194184045150702471 -0.00000000000000000000
-0.00276512028179161807 -0.00000000000000000000
-0.00309942761077532797 -0.00000000000000000000
-0.00263098907256934661 -0.00000000000000000000
-0.00313112916783412710 -0.00000000000000000000
-0.00352163471160389001 -0.00000000000000000000
-0.00383720930232558195 -0.00000000000000000000
-0.00582672217107633224 -0.00000000000000000000
-0.00640779730216547386 -0.00000000000000000000
-0.00968938878437337198 -0.00000000000000000000
-0.00781203218188368173 -0.00000000000000000000
-0.00748589040547572269 -0.00000000000000000000
-0.00808870031621502540 -0.00000000000000000000
-0.00658551815234359374 -0.00000000000000000000
-0.00718136332706240197 -0.00000000000000000000
-0.00950422287155265610 -0.00000000000000000000
-0.00906724572709442442 -0.00000000000000000000
-0.00725881599487651717 -0.00000000000000000000
-0.00972877556738582262 -0.00000000000000000000
-0.01150082055797942669 -0.00000000000000000000
-0.01119965576592082783 -0.00000000000000000000
-0.01307088820397870645 -0.00000000000000000000
-0.01430412680622823382 -0.00000000000000000000
-0.01503542408838010047 -0.00000000000000000000
-0.01674058359684585037 -0.00000000000000000000
-0.01628667493895849180 -0.00000000000000000000
-0.01840011207621182129 -0.00000000000000000000
-0.01441099947964616206 -0.00000000000000000000
-0.00579021734779650108 -0.00000000000000000000
-0.01479646159388384001 -0.00000000000000000000
-0.01650402273546011309 -0.00000000000000000000
-0.01671776808229596609 -0.00000000000000000000
-0.01686666933514790329 -0.00000000000000000000
-0.01711283672897570551 -0.00000000000000000000
-0.01751270864187647047 -0.00000000000000000000
-0.01420085658247608601 -0.00000000000000000000
-0.01889604931353320444 -0.00000000000000000000
-0.00891654324940959787 -0.00000000000000000000
-0.00299423608053476327 -0.00000000000000000000
-0.01307809310331025168 -0.00000000000000000000
-0.01983268622663411293 -0.00000000000000000000
-0.02034423407917383686 -0.00000000000000000000
-0.02065164311731978314 -0.00000000000000000000
-0.02098907256934715373 -0.00000000000000000000
-0.02140335428091101611 -0.00000000000000000000
-0.02180802946003282394 -0.00000000000000000000
-0.02214065564583917248 -0.00000000000000000000
-0.02249489652964015499 -0.00000000000000000000
-0.02215626626105752020 -0.00000000000000000000
-0.02359484449425609115 -0.00000000000000000000
-0.02421326502021374852 -0.00000000000000000000
-0.02413761357723251746 -0.00000000000000000000
-0.02290557579153824561 -0.00000000000000000000
-0.02662090221350518066 -0.00000000000000000000
-0.01430172517311772105 -0.00000000000000000000
-0.01880118480566785044 -0.00000000000000000000
-0.02720930232558138595 -0.00000000000000000000
-0.02403674498659087375 -0.00000000000000000000
-0.01635271984949765445 -0.00000000000000000000
-0.01170832165872793401 -0.00000000000000000000
-0.02751430973061682467 -0.00000000000000000000
-0.02485089861105551495 -0.00000000000000000000
-0.01625545370852179636 -0.00000000000000000000
-0.02827202497698435429 -0.00000000000000000000
-0.02587159268302445872 -0.00000000000000000000
-0.02349277508705919712 -0.00000000000000000000
-0.02826241844454228935 -0.00000000000000000000
-0.01915182323980307161 -0.00000000000000000000
-0.00572909578513389108 -0.00000000000000000000
-0.00537305367650002010 -0.00000000000000000000
-0.02227754873313853370 -0.00000000000000000000
-0.02744826482007764815 -0.00000000000000000000
-0.02785414081575470976 -0.00000000000000000000
-0.02863707320978264859 -0.00000000000000000000
-0.02849297522315174386 -0.00000000000000000000
-0.02616939518872833659 -0.00000000000000000000
-0.00722975623423928199 -0.00000000000000000000
-0.01242004563102910158 -0.00000000000000000000
-0.01648601048713125086 -0.00000000000000000000
-0.00995909218268422464 -0.00000000000000000000
-0.01839650962654605301 -0.00000000000000000000
-0.02330544770443902444 -0.00000000000000000000
-0.01109734619541288304 -0.00000000000000000000
-0.01191846455589800832 -0.00000000000000000000
-0.01036004483048473014 -0.00000000000000000000
-0.01357643197374214412 -0.00000000000000000000
-0.01759316335107873400 -0.00000000000000000000
-0.02754913341071928840 -0.00000000000000000000
-0.02407156866669335135 -0.00000000000000000000
-0.01005575791538246104 -0.00000000000000000000
-0.00759708601849257495 -0.00000000000000000000
-0.01668174358563823470 -0.00000000000000000000
-0.02999999999999999889 -0.00000000000000000000
-0.02854941360124885197 -0.00000000000000000000
-0.02694872513309050366 -0.00000000000000000000
-0.02711563863427130655 -0.00000000000000000000
-0.02644798462954809151 -0.00000000000000000000
-0.02870191730376656439 -0.00000000000000000000
-0.02824080374654764844 -0.00000000000000000000
-0.02629307929391987500 -0.00000000000000000000
-0.02007164872113036472 -0.00000000000000000000
-0.02623544009926750270 -0.00000000000000000000
-0.02622943601649121298 -0.00000000000000000000
-0.02524116399151423232 -0.00000000000000000000
-0.02557138854421006635 -0.00000000000000000000
-0.01963815394468238634 -0.00000000000000000000
-0.01571988952487691354 -0.00000000000000000000
-0.02478365288396109159 -0.00000000000000000000
-0.02504182844334147673 -0.00000000000000000000
-0.02245046631709562285 -0.00000000000000000000
-0.02563503182163871102 -0.00000000000000000000
-0.01950966657326982587 -0.00000000000000000000
-0.01845534963775367215 -0.00000000000000000000
-0.01662050194132010106 -0.00000000000000000000
-0.02030941039907136966 -0.00000000000000000000
-0.01947244126005684070 -0.00000000000000000000
-0.00764788055877996947 -0.00000000000000000000
-0.00622455269583316838 -0.00000000000000000000
-0.00604058759956770542 -0.00000000000000000000
-0.00741540247368210372 -0.00000000000000000000
-0.01298082696233438665 -0.00000000000000000000
-0.01993955890005203943 -0.00000000000000000000
-0.01575351238842412696 -0.00000000000000000000
-0.01174638754352959856 -0.00000000000000000000
-0.01066637313373093761 -0.00000000000000000000
-0.01320537965816755317 -0.00000000000000000000
-0.02011607893367490033 -0.00000000000000000000
-0.01885161910098867924 -0.00000000000000000000
-0.01259776648120721973 -0.00000000000000000000
-0.01145110675259176404 -0.00000000000000000000
-0.01241163991514229563 -0.00000000000000000000
-0.01461033502781891244 -0.00000000000000000000
-0.01492014569907537148 -0.00000000000000000000
-0.00910266981547452371 -0.00000000000000000000
-0.01286434775647440215 -0.00000000000000000000
-0.00676564063563222986 -0.00000000000000000000
-0.00801641115958852055 -0.00000000000000000000
-0.00775139094584317324 -0.00000000000000000000
-0.00704999399591722375 -0.00000000000000000000
-0.00570231757595164590 -0.00000000000000000000
-0.00430192530921026228 -0.00000000000000000000
-0.00325565384461433752 -0.00000000000000000000
-0.00266617299763839428 -0.00000000000000000000
-0.00248881239242685053 -0.00000000000000000000
-0.00256122163070888163 -0.00000000000000000000
-0.00281735580194532233 -0.00000000000000000000
-0.00326982347996637680 -0.00000000000000000000
-0.00376167794099987974 -0.00000000000000000000
-0.00426710162910779421 -0.00000000000000000000
-0.00441504222871552578 -0.00000000000000000000
-0.00427850938638274156 -0.00000000000000000000
-0.00543345474922947609 -0.00000000000000000000
-0.00591173998318856881 -0.00000000000000000000
-0.01029075771524636841 -0.00000000000000000000
-0.00873726133770964287 -0.00000000000000000000
-0.00442801104751230825 -0.00000000000000000000
-0.00417728055077452691 -0.00000000000000000000
-0.00252495697074010296 -0.00000000000000000000
-0.00190893807789296725 -0.00000000000000000000
-0.00170407877356602453 -0.00000000000000000000
-0.00198494976584077162 -0.00000000000000000000
-0.00181671536644918545 -0.00000000000000000000
-0.00175763519193051295 -0.00000000000000000000
-0.00203802585758315656 -0.00000000000000000000
-0.00176015690669655347 -0.00000000000000000000
-0.00124920946243445535 -0.00000000000000000000
-0.00095677460673257821 -0.00000000000000000000
-0.00087320978265220336 -0.00000000000000000000
-0.00078522595364848089 -0.00000000000000000000
-0.00063729736220630032 -0.00000000000000000000
-0.00045892807108834012 -0.00000000000000000000
-0.00033870231757595167 -0.00000000000000000000
-0.00021518632670215746 -0.00000000000000000000
-0.00017543929872313171 -0.00000000000000000000
-0.00017708441740383460 -0.00000000000000000000
-0.00019652563743345475 -0.00000000000000000000
-0.00017040787735660249 -0.00000000000000000000
-0.00009005763919465236 -0.00000000000000000000
-0.00006865428491374135 -0.00000000000000000000
-0.00006646159388384102 -0.00000000000000000000
-0.00006153944682384022 -0.00000000000000000000
-0.00004146419565304407 -0.00000000000000000000
-0.00002186446783812993 -0.00000000000000000000
-0.00000204619141015891 -0.00000000000000000000
-0.00000000000000000000 -0.00000000000000000000
-0.00000000000000000000 -0.00000000000000000000
-0.00000000000000000000 -0.00000000000000000000
-0.00000000000000000000 -0.00000000000000000000
-0.00000000000000000000 -0.00000000000000000000
-0.00000000000000000000 -0.00000000000000000000
-0.00000000000000000000 -0.00000000000000000000
-0.00000000000000000000 -0.00000000000000000000
-0.00000000000000000000 -0.00000000000000000000
-0.00000000000000000000 -0.00000000000000000000
-0.00000000000000000000 -0.00000000000000000000
-0.00000000000000000000 -0.00000000000000000000
-0.00000000000000000000 -0.00000000000000000000
-0.00000000000000000000 -0.00000000000000000000
-0.00000000000000000000 -0.00000000000000000000
-0.00000000000000000000 -0.00000000000000000000
-0.00000000000000000000 -0.00000000000000000000
-0.00000000000000000000 -0.00000000000000000000
-0.00000000000000000000 -0.00000000000000000000
-0.00000000000000000000 -0.00000000000000000000
-0.00000000000000000000 -0.00000000000000000000
-0.00000000000000000000 -0.00000000000000000000
-0.00000000000000000000 -0.00000000000000000000
-0.00000000000000000000 -0.00000000000000000000
-0.00000000000000000000 -0.00000000000000000000
-0.00000000000000000000 -0.00000000000000000000
-0.00000000000000000000 -0.00000000000000000000
-0.00000000000000000000 -0.00000000000000000000
-0.00000000000000000000 -0.00000000000000000000
-0.00000000000000000000 -0.00000000000000000000
-0.00000000000000000000 -0.00000000000000000000
-0.00000000000000000000 -0.00000000000000000000
-0.00000000000000000000 -0.00000000000000000000
-0.00000000000000000000 -0.00000000000000000000
-0.00000000000000000000 -0.00000000000000000000
-0.00000000000000000000 -0.00000000000000000000
-0.00000000000000000000 -0.00000000000000000000
-0.00000000000000000000 -0.00000000000000000000
-0.00000000000000000000 -0.00000000000000000000
