-0.00000000000000000000 -0.00000000000000000000
-0.00000000000000000000 -0.00000000000000000000
-0.00000000000000000000 -0.00000000000000000000
-0.00000000000000000000 -0.00000000000000000000
-0.00000000000000000000 -0.00000000000000000000
-0.00000000000000000000 -0.00000000000000000000
-0.00000000000000000000 -0.00000000000000000000
-0.00000000000000000000 -0.00000000000000000000
-0.00000000000000000000 -0.00000000000000000000
-0.00000000000000000000 -0.00000000000000000000
-0.00000000000000000000 -0.00000000000000000000
-0.00000000000000000000 -0.00000000000000000000
-0.00000000000000000000 -0.00000000000000000000
-0.00000000000000000000 -0.00000000000000000000
-0.00000000000000000000 -0.00000000000000000000
-0.00000000000000000000 -0.00000000000000000000
-0.00000000000000000000 -0.00000000000000000000
-0.00000000000000000000 -0.00000000000000000000
-0.00000000000000000000 -0.00000000000000000000
-0.00000000000000000000 -0.00000000000000000000
-0.00000000000000000000 -0.00000000000000000000
-0.00000000000000000000 -0.00000000000000000000
-0.00000000000000000000 -0.00000000000000000000
-0.00000000000000000000 -0.00000000000000000000
-0.00000000000000000000 -0.00000000000000000000
-0.00000000000000000000 -0.00000000000000000000
-0.00000000000000000000 -0.00000000000000000000
-0.00000000000000000000 -0.00000000000000000000
-0.00000000000000000000 -0.00000000000000000000
-0.00000000000000000000 -0.00000000000000000000
-0.00000000000000000000 -0.00000000000000000000
-0.00000000000000000000 -0.00000000000000000000
-0.00000000000000000000 -0.00000000000000000000
-0.00000000000000000000 -0.00000000000000000000
-0.00000000000000000000 -0.00000000000000000000
-0.00000000000000000000 -0.00000000000000000000
-0.00000000000000000000 -0.00000000000000000000
-0.00000000000000000000 -0.00000000000000000000
-0.00000000000000000000 -0.00000000000000000000
-0.00000000000000000000 -0.00000000000000000000
-0.00000000000000000000 -0.00000000000000000000
-0.00000000000000000000 -0.00000000000000000000
-0.00000000000000000000 -0.00000000000000000000
-0.00000000000000000000 -0.00000000000000000000
-0.00000000000000000000 -0.00000000000000000000
-0.00000892654858400881 -0.00000000000000000000
-0.00003525968177724409 -0.00000000000000000000
-0.00009614830381266884 -0.00000000000000000000
-0.00021075753027118983 -0.00000000000000000000
-0.00030009006304413088 -0.00000000000000000000
-0.00030238166716701689 -0.00000000000000000000
-0.00028570999699789850 -0.00000000000000000000
-0.00030337236065245684 -0.00000000000000000000
-0.00040098068648053642 -0.00000000000000000000
-0.00055060542379665762 -0.00000000000000000000
-0.00063301310917642363 -0.00000000000000000000
-0.00067327128990293209 -0.00000000000000000000
-0.00075201641148804177 -0.00000000000000000000
-0.00084186930851596112 -0.00000000000000000000
-0.00091168818172720914 -0.00000000000000000000
-0.00096994896427499242 -0.00000000000000000000
-0.00103812668868207762 -0.00000000000000000000
-0.00113459421595116542 -0.00000000000000000000
-0.00126328429900930662 -0.00000000000000000000
-0.00143560492344641227 -0.00000000000000000000
-0.00194185930151105808 -0.00000000000000000000
-0.00276513559491644093 -0.00000000000000000000
-0.00309946962874011822 -0.00000000000000000000
-0.00263104172921044786 -0.00000000000000000000
-0.00313119183428399840 -0.00000000000000000000
-0.00352166516561593134 -0.00000000000000000000
-0.00383728610027018807 -0.00000000000000000000
-0.00582687881517061999 -0.00000000000000000000
-0.00640798558991293940 -0.00000000000000000000
-0.00968958270789552732 -0.00000000000000000000
-0.00781216851796257255 -0.00000000000000000000
-0.00748604022815971271 -0.00000000000000000000
-0.00808886220354248196 -0.00000000000000000000
-0.00658570999699789866 -0.00000000000000000000
-0.00718152706894826295 -0.00000000000000000000
-0.00950435304713299380 -0.00000000000000000000
-0.00906744721304913667 -0.00000000000000000000
-0.00725888121685179868 -0.00000000000000000000
-0.00972901030721505175 -0.00000000000000000000
-0.01150105073551486133 -0.00000000000000000000
-0.01119983988792154321 -0.00000000000000000000
-0.01307114980486340401 -0.00000000000000000000
-0.01430401280896627381 -0.00000000000000000000
-0.01503552486740718577 -0.00000000000000000000
-0.01674071850295206706 -0.00000000000000000000
-0.01628640048033623208 -0.00000000000000000000
-0.01840088061643150447 -0.00000000000000000000
-0.01441108776143300296 -0.00000000000000000000
-0.00579035324727309071 -0.00000000000000000000
-0.01479635745021515118 -0.00000000000000000000
-0.01650355248674071837 -0.00000000000000000000
-0.01671870309216451703 -0.00000000000000000000
-0.01686680676473531482 -0.00000000000000000000
-0.01711297908535975090 -0.00000000000000000000
-0.01751325928149705460 -0.00000000000000000000
-0.01420194135895126893 -0.00000000000000000000
-0.01889722805964175190 -0.00000000000000000000
-0.00891674171920344392 -0.00000000000000000000
-0.00299429600720504344 -0.00000000000000000000
-0.01307815470829580551 -0.00000000000000000000
-0.01983288301811267709 -0.00000000000000000000
-0.02034424096867807480 -0.00000000000000000000
-0.02065245671970379268 -0.00000000000000000000
-0.02098969278494946383 -0.00000000000000000000
-0.02140398278795156706 -0.00000000000000000000
-0.02180926648654057595 -0.00000000000000000000
-0.02214049834884419116 -0.00000000000000000000
-0.02249574702291604403 -0.00000000000000000000
-0.02215650955668968178 -0.00000000000000000000
-0.02359551686180326110 -0.00000000000000000000
-0.02421294906434504068 -0.00000000000000000000
-0.02413789652756929971 -0.00000000000000000000
-0.02290603422395676853 -0.00000000000000000000
-0.02662163514460122102 -0.00000000000000000000
-0.01430101070749524757 -0.00000000000000000000
-0.01880116081256879776 -0.00000000000000000000
-0.02721004703292305080 -0.00000000000000000000
-0.02403782647853497031 -0.00000000000000000000
-0.01635344741318923295 -0.00000000000000000000
-0.01170819573701590947 -0.00000000000000000000
-0.02751526068247773030 -0.00000000000000000000
-0.02485139597718402302 -0.00000000000000000000
-0.01625537876513559465 -0.00000000000000000000
-0.02827279095366757103 -0.00000000000000000000
-0.02587211047733412733 -0.00000000000000000000
-0.02349344541178824755 -0.00000000000000000000
-0.02826278394876412595 -0.00000000000000000000
-0.01915140598418893503 -0.00000000000000000000
-0.00572921044731311904 -0.00000000000000000000
-0.00537316121284899494 -0.00000000000000000000
-0.02227859501651155774 -0.00000000000000000000
-0.02744821374962473984 -0.00000000000000000000
-0.02785549884919443289 -0.00000000000000000000
-0.02863804663264285164 -0.00000000000000000000
-0.02849394576203342216 -0.00000000000000000000
-0.02617031922345642095 -0.00000000000000000000
-0.00722996097268087650 -0.00000000000000000000
-0.01242069448614030111 -0.00000000000000000000
-0.01648654057840488046 -0.00000000000000000000
-0.00995927149004302917 -0.00000000000000000000
-0.01839687781447012921 -0.00000000000000000000
-0.02330631442009407223 -0.00000000000000000000
-0.01109776843790653313 -0.00000000000000000000
-0.01191834283998799253 -0.00000000000000000000
-0.01036025217652356868 -0.00000000000000000000
-0.01357750425297708612 -0.00000000000000000000
-0.01759331532072450771 -0.00000000000000000000
-0.02754928449914940958 -0.00000000000000000000
-0.02407185029520663919 -0.00000000000000000000
-0.01005603922745922085 -0.00000000000000000000
-0.00759721805263684474 -0.00000000000000000000
-0.01668267787451215706 -0.00000000000000000000
-0.02999999999999999889 -0.00000000000000000000
-0.02854998498949265148 -0.00000000000000000000
-0.02694986490543380131 -0.00000000000000000000
-0.02711698188732112463 -0.00000000000000000000
-0.02644851395977183828 -0.00000000000000000000
-0.02870209146402481065 -0.00000000000000000000
-0.02824076853797657938 -0.00000000000000000000
-0.02629340538376864073 -0.00000000000000000000
-0.02007205043530470995 -0.00000000000000000000
-0.02623536475532873072 -0.00000000000000000000
-0.02622936055238667824 -0.00000000000000000000
-0.02524266986890823239 -0.00000000000000000000
-0.02557190033023116690 -0.00000000000000000000
-0.01963874712298608813 -0.00000000000000000000
-0.01572000400280196275 -0.00000000000000000000
-0.02478434904433103603 -0.00000000000000000000
-0.02504252977083959095 -0.00000000000000000000
-0.02245171620134093354 -0.00000000000000000000
-0.02563594516161312939 -0.00000000000000000000
-0.01951065746022215969 -0.00000000000000000000
-0.01845591914340037956 -0.00000000000000000000
-0.01662163514460122254 -0.00000000000000000000
-0.02031021715200640593 -0.00000000000000000000
-0.01947263084158911209 -0.00000000000000000000
-0.00764805363754628154 -0.00000000000000000000
-0.00622465726008205808 -0.00000000000000000000
-0.00604062843990793488 -0.00000000000000000000
-0.00741549084359051196 -0.00000000000000000000
-0.01298008606024216895 -0.00000000000000000000
-0.01994095867106974659 -0.00000000000000000000
-0.01575302711898328781 -0.00000000000000000000
-0.01174622235564895360 -0.00000000000000000000
-0.01066646652656860067 -0.00000000000000000000
-0.01320524367056940054 -0.00000000000000000000
-0.02011708195737016078 -0.00000000000000000000
-0.01885119583708596072 -0.00000000000000000000
-0.01259781847293105390 -0.00000000000000000000
-0.01145101571099769837 -0.00000000000000000000
-0.01241168818172720678 -0.00000000000000000000
-0.01461022715901130753 -0.00000000000000000000
-0.01492044431101771304 -0.00000000000000000000
-0.00910287201040728411 -0.00000000000000000000
-0.01286500550385269621 -0.00000000000000000000
-0.00676573601521064747 -0.00000000000000000000
-0.00801651155809066096 -0.00000000000000000000
-0.00775152606824777365 -0.00000000000000000000
-0.00705013509456619766 -0.00000000000000000000
-0.00570249174422095360 -0.00000000000000000000
-0.00430201140798559031 -0.00000000000000000000
-0.00325567897528269805 -0.00000000000000000000
-0.00266626638647052966 -0.00000000000000000000
-0.00248894225958170689 -0.00000000000000000000
-0.00256129290503352399 -0.00000000000000000000
-0.00281737216051235933 -0.00000000000000000000
-0.00326988892224557189 -0.00000000000000000000
-0.00376183328329830887 -0.00000000000000000000
-0.00426718703092164586 -0.00000000000000000000
-0.00441509056339437541 -0.00000000000000000000
-0.00427869508656059279 -0.00000000000000000000
-0.00543350345241669190 -0.00000000000000000000
-0.00591193835684979390 -0.00000000000000000000
-0.01029120384268988192 -0.00000000000000000000
-0.00873741619133393266 -0.00000000000000000000
-0.00442809966976883719 -0.00000000000000000000
-0.00417732412688882199 -0.00000000000000000000
-0.00252506754728309794 -0.00000000000000000000
-0.00190903632542779953 -0.00000000000000000000
-0.00170409286500550379 -0.00000000000000000000
-0.00198498949264485063 -0.00000000000000000000
-0.00181667167016911829 -0.00000000000000000000
-0.00175763034123886750 -0.00000000000000000000
-0.00203802661863304330 -0.00000000000000000000
-0.00176023216251375964 -0.00000000000000000000
-0.00124917442209546690 -0.00000000000000000000
-0.00095678975282697881 -0.00000000000000000000
-0.00087323126188331845 -0.00000000000000000000
-0.00078523966776743723 -0.00000000000000000000
-0.00063731612128489930 -0.00000000000000000000
-0.00045894125888121690 -0.00000000000000000000
-0.00033870709496647663 -0.00000000000000000000
-0.00021519063344341041 -0.00000000000000000000
-0.00017544280996697684 -0.00000000000000000000
-0.00017709396577604322 -0.00000000000000000000
-0.00019652756929850891 -0.00000000000000000000
-0.00017040928650055034 -0.00000000000000000000
-0.00009006004202942061 -0.00000000000000000000
-0.00006865505854097866 -0.00000000000000000000
-0.00006646252376663666 -0.00000000000000000000
-0.00006154107875512860 -0.00000000000000000000
-0.00004146602621835285 -0.00000000000000000000
-0.00002186530571399980 -0.00000000000000000000
-0.00000204633243270289 -0.00000000000000000000
-0.00000000000000000000 -0.00000000000000000000
-0.00000000000000000000 -0.00000000000000000000
-0.00000000000000000000 -0.00000000000000000000
-0.00000000000000000000 -0.00000000000000000000
-0.00000000000000000000 -0.00000000000000000000
-0.00000000000000000000 -0.00000000000000000000
-0.00000000000000000000 -0.00000000000000000000
-0.00000000000000000000 -0.00000000000000000000
-0.00000000000000000000 -0.00000000000000000000
-0.00000000000000000000 -0.00000000000000000000
-0.00000000000000000000 -0.00000000000000000000
-0.00000000000000000000 -0.00000000000000000000
-0.00000000000000000000 -0.00000000000000000000
-0.00000000000000000000 -0.00000000000000000000
-0.00000000000000000000 -0.00000000000000000000
-0.00000000000000000000 -0.00000000000000000000
-0.00000000000000000000 -0.00000000000000000000
-0.00000000000000000000 -0.00000000000000000000
-0.00000000000000000000 -0.00000000000000000000
-0.00000000000000000000 -0.00000000000000000000
-0.00000000000000000000 -0.00000000000000000000
-0.00000000000000000000 -0.00000000000000000000
-0.00000000000000000000 -0.00000000000000000000
-0.00000000000000000000 -0.00000000000000000000
-0.00000000000000000000 -0.00000000000000000000
-0.00000000000000000000 -0.00000000000000000000
-0.00000000000000000000 -0.00000000000000000000
-0.00000000000000000000 -0.00000000000000000000
-0.00000000000000000000 -0.00000000000000000000
-0.00000000000000000000 -0.00000000000000000000
-0.00000000000000000000 -0.00000000000000000000
-0.00000000000000000000 -0.00000000000000000000
-0.00000000000000000000 -0.00000000000000000000
-0.00000000000000000000 -0.00000000000000000000
-0.00000000000000000000 -0.00000000000000000000
-0.00000000000000000000 -0.00000000000000000000
-0.00000000000000000000 -0.00000000000000000000
-0.00000000000000000000 -0.00000000000000000000
-0.00000000000000000000 -0.00000000000000000000
