-0.00000000000000000000 -0.00000000000000000000
-0.00000000000000000000 -0.00000000000000000000
-0.00000000000000000000 -0.00000000000000000000
-0.00000000000000000000 -0.00000000000000000000
-0.00000000000000000000 -0.00000000000000000000
-0.00000000000000000000 -0.00000000000000000000
-0.00000000000000000000 -0.00000000000000000000
-0.00000000000000000000 -0.00000000000000000000
-0.00000000000000000000 -0.00000000000000000000
-0.00000000000000000000 -0.00000000000000000000
-0.00000000000000000000 -0.00000000000000000000
-0.00000000000000000000 -0.00000000000000000000
-0.00000000000000000000 -0.00000000000000000000
-0.00000000000000000000 -0.00000000000000000000
-0.00000000000000000000 -0.00000000000000000000
-0.00000000000000000000 -0.00000000000000000000
-0.00000000000000000000 -0.00000000000000000000
-0.00000000000000000000 -0.00000000000000000000
-0.00000000000000000000 -0.00000000000000000000
-0.00000000000000000000 -0.00000000000000000000
-0.00000000000000000000 -0.00000000000000000000
-0.00000000000000000000 -0.00000000000000000000
-0.00000000000000000000 -0.00000000000000000000
-0.00000000000000000000 -0.00000000000000000000
-0.00000000000000000000 -0.00000000000000000000
-0.00000000000000000000 -0.00000000000000000000
-0.00000000000000000000 -0.00000000000000000000
-0.00000000000000000000 -0.00000000000000000000
-0.00000000000000000000 -0.00000000000000000000
-0.00000000000000000000 -0.00000000000000000000
-0.00000000000000000000 -0.00000000000000000000
-0.00000000000000000000 -0.00000000000000000000
-0.00000000000000000000 -0.00000000000000000000
-0.00000000000000000000 -0.00000000000000000000
-0.00000000000000000000 -0.00000000000000000000
-0.00000000000000000000 -0.00000000000000000000
-0.00000000000000000000 -0.00000000000000000000
-0.00000000000000000000 -0.00000000000000000000
-0.00000000000000000000 -0.00000000000000000000
-0.00000000000000000000 -0.00000000000000000000
-0.00000000000000000000 -0.00000000000000000000
-0.00000000000000000000 -0.00000000000000000000
-0.00000000000000000000 -0.00000000000000000000
-0.00000000000000000000 -0.00000000000000000000
-0.00000000000000000000 -0.00000000000000000000
-0.00000892640667886551 -0.00000000000000000000
-0.00003525874885635865 -0.00000000000000000000
-0.00009614306953339435 -0.00000000000000000000
-0.00021075308783165600 -0.00000000000000000000
-0.00030008577310155544 -0.00000000000000000000
-0.00030237591491308330 -0.00000000000000000000
-0.00028571020128087830 -0.00000000000000000000
-0.00030337088289112530 -0.00000000000000000000
-0.00040097209515096071 -0.00000000000000000000
-0.00055059469350411715 -0.00000000000000000000
-0.00063300548947849958 -0.00000000000000000000
-0.00067326738334858190 -0.00000000000000000000
-0.00075200709057639530 -0.00000000000000000000
-0.00084185441445562667 -0.00000000000000000000
-0.00091168229643183918 -0.00000000000000000000
-0.00096992223238792316 -0.00000000000000000000
-0.00103811184812442831 -0.00000000000000000000
-0.00113460658737419944 -0.00000000000000000000
-0.00126326623970722789 -0.00000000000000000000
-0.00143558440073193044 -0.00000000000000000000
-0.00194190301921317470 -0.00000000000000000000
-0.00276515324794144582 -0.00000000000000000000
-0.00309941102470265382 -0.00000000000000000000
-0.00263100411710887484 -0.00000000000000000000
-0.00313114707227813349 -0.00000000000000000000
-0.00352167200365965244 -0.00000000000000000000
-0.00383723124428179312 -0.00000000000000000000
-0.00582682410795974399 -0.00000000000000000000
-0.00640785109789570023 -0.00000000000000000000
-0.00968978728270814167 -0.00000000000000000000
-0.00781204254345837287 -0.00000000000000000000
-0.00748593321134492437 -0.00000000000000000000
-0.00808874656907593824 -0.00000000000000000000
-0.00658557296431838950 -0.00000000000000000000
-0.00718143870082342192 -0.00000000000000000000
-0.00950451738334858430 -0.00000000000000000000
-0.00906707456541628459 -0.00000000000000000000
-0.00725880603842634937 -0.00000000000000000000
-0.00972924290942360666 -0.00000000000000000000
-0.01150131518755718139 -0.00000000000000000000
-0.01119939387008234317 -0.00000000000000000000
-0.01307010521500457517 -0.00000000000000000000
-0.01430438014638609617 -0.00000000000000000000
-0.01503516697163769303 -0.00000000000000000000
-0.01674033623055809841 -0.00000000000000000000
-0.01628659652333028576 -0.00000000000000000000
-0.01840090347666971729 -0.00000000000000000000
-0.01441073879231473051 -0.00000000000000000000
-0.00579028476669716206 -0.00000000000000000000
-0.01479671774931381328 -0.00000000000000000000
-0.01650360247026532584 -0.00000000000000000000
-0.01671803522415370516 -0.00000000000000000000
-0.01686642268984446524 -0.00000000000000000000
-0.01711259149130832727 -0.00000000000000000000
-0.01751315187557182101 -0.00000000000000000000
-0.01420145242451967098 -0.00000000000000000000
-0.01889667200365965222 -0.00000000000000000000
-0.00891697163769442080 -0.00000000000000000000
-0.00299425320219579190 -0.00000000000000000000
-0.01307868252516010930 -0.00000000000000000000
-0.01983245654162854588 -0.00000000000000000000
-0.02034452195791400242 -0.00000000000000000000
-0.02065158966148216563 -0.00000000000000000000
-0.02098953568161024408 -0.00000000000000000000
-0.02140381976212260215 -0.00000000000000000000
-0.02180866880146386383 -0.00000000000000000000
-0.02214061070448308105 -0.00000000000000000000
-0.02249485361390667765 -0.00000000000000000000
-0.02215604986276303867 -0.00000000000000000000
-0.02359532250686185648 -0.00000000000000000000
-0.02421288883806038683 -0.00000000000000000000
-0.02413740850869167814 -0.00000000000000000000
-0.02290570677035682137 -0.00000000000000000000
-0.02662139752973467083 -0.00000000000000000000
-0.01430094922232388009 -0.00000000000000000000
-0.01880146386093321104 -0.00000000000000000000
-0.02720980100640438964 -0.00000000000000000000
-0.02403705397987191197 -0.00000000000000000000
-0.01635264181152790500 -0.00000000000000000000
-0.01170802836230558190 -0.00000000000000000000
-0.02751429551692589209 -0.00000000000000000000
-0.02485104071363220327 -0.00000000000000000000
-0.01625486047575480306 -0.00000000000000000000
-0.02827252973467521413 -0.00000000000000000000
-0.02587174062214089507 -0.00000000000000000000
-0.02349325251601097966 -0.00000000000000000000
-0.02826223696248856415 -0.00000000000000000000
-0.01915141811527905011 -0.00000000000000000000
-0.00572912854528819741 -0.00000000000000000000
-0.00537308440073193134 -0.00000000000000000000
-0.02227784766697164104 -0.00000000000000000000
-0.02744825022872827633 -0.00000000000000000000
-0.02785481473010064171 -0.00000000000000000000
-0.02863706541628544683 -0.00000000000000000000
-0.02849296660567246162 -0.00000000000000000000
-0.02616937328453796882 -0.00000000000000000000
-0.00722981473010064161 -0.00000000000000000000
-0.01242080283623056211 -0.00000000000000000000
-0.01648644784995425411 -0.00000000000000000000
-0.00995911482159194880 -0.00000000000000000000
-0.01839747255260749947 -0.00000000000000000000
-0.02330540942360476153 -0.00000000000000000000
-0.01109732387923147330 -0.00000000000000000000
-0.01191817246111619502 -0.00000000000000000000
-0.01036053293687099787 -0.00000000000000000000
-0.01357702424519670673 -0.00000000000000000000
-0.01759292086001830110 -0.00000000000000000000
-0.02754860475754804250 -0.00000000000000000000
-0.02407136322049405544 -0.00000000000000000000
-0.01005603842634950063 -0.00000000000000000000
-0.00759709515096066053 -0.00000000000000000000
-0.01668201052150046146 -0.00000000000000000000
-0.02999999999999999889 -0.00000000000000000000
-0.02854957685269899834 -0.00000000000000000000
-0.02694905077767612359 -0.00000000000000000000
-0.02711630832570905564 -0.00000000000000000000
-0.02644813586459286367 -0.00000000000000000000
-0.02870139524245196930 -0.00000000000000000000
-0.02824079368709972795 -0.00000000000000000000
-0.02629374428179323195 -0.00000000000000000000
-0.02007176349496798268 -0.00000000000000000000
-0.02623541857273558806 -0.00000000000000000000
-0.02622941445562671642 -0.00000000000000000000
-0.02524216605672461103 -0.00000000000000000000
-0.02557153476669717443 -0.00000000000000000000
-0.01963860933211344917 -0.00000000000000000000
-0.01571963632204940661 -0.00000000000000000000
-0.02478327996340348380 -0.00000000000000000000
-0.02504231473010064268 -0.00000000000000000000
-0.02245110933211344820 -0.00000000000000000000
-0.02563586459286367955 -0.00000000000000000000
-0.01950994967978042505 -0.00000000000000000000
-0.01845579826166514337 -0.00000000000000000000
-0.01662111161939615681 -0.00000000000000000000
-0.02031021271729185895 -0.00000000000000000000
-0.01947220951509606376 -0.00000000000000000000
-0.00764787282708142765 -0.00000000000000000000
-0.00622455397987191177 -0.00000000000000000000
-0.00604057067703568217 -0.00000000000000000000
-0.00741542772186642302 -0.00000000000000000000
-0.01298004345837145551 -0.00000000000000000000
-0.01994053064958829086 -0.00000000000000000000
-0.01575308783165598955 -0.00000000000000000000
-0.01174662625800548983 -0.00000000000000000000
-0.01066674290942360576 -0.00000000000000000000
-0.01320476898444647960 -0.00000000000000000000
-0.02011636550777675878 -0.00000000000000000000
-0.01885121225983531906 -0.00000000000000000000
-0.01259749542543458709 -0.00000000000000000000
-0.01145156678865507337 -0.00000000000000000000
-0.01241222552607502451 -0.00000000000000000000
-0.01461059011893870579 -0.00000000000000000000
-0.01491937328453797097 -0.00000000000000000000
-0.00910309926806953350 -0.00000000000000000000
-0.01286510750228728531 -0.00000000000000000000
-0.00676561070448307520 -0.00000000000000000000
-0.00801643984446477782 -0.00000000000000000000
-0.00775140096065873776 -0.00000000000000000000
-0.00705003430924062285 -0.00000000000000000000
-0.00570236733760292724 -0.00000000000000000000
-0.00430186413540713589 -0.00000000000000000000
-0.00325568961573650473 -0.00000000000000000000
-0.00266625686184812465 -0.00000000000000000000
-0.00248887808783165593 -0.00000000000000000000
-0.00256118481244281809 -0.00000000000000000000
-0.00281738906678865491 -0.00000000000000000000
-0.00326984217749313848 -0.00000000000000000000
-0.00376175091491308226 -0.00000000000000000000
-0.00426712602927721823 -0.00000000000000000000
-0.00441508462946020152 -0.00000000000000000000
-0.00427861962488563629 -0.00000000000000000000
-0.00543346866422689777 -0.00000000000000000000
-0.00591182525160109749 -0.00000000000000000000
-0.01029105672461116429 -0.00000000000000000000
-0.00873770585544373334 -0.00000000000000000000
-0.00442803636779505981 -0.00000000000000000000
-0.00417732159194876464 -0.00000000000000000000
-0.00252498856358646020 -0.00000000000000000000
-0.00190896614821591979 -0.00000000000000000000
-0.00170405420860018334 -0.00000000000000000000
-0.00198496111619396107 -0.00000000000000000000
-0.00181667429094236037 -0.00000000000000000000
-0.00175766239707227817 -0.00000000000000000000
-0.00203796889295516969 -0.00000000000000000000
-0.00176023559011893849 -0.00000000000000000000
-0.00124919945105215016 -0.00000000000000000000
-0.00095679894784995426 -0.00000000000000000000
-0.00087325594693504131 -0.00000000000000000000
-0.00078522701280878322 -0.00000000000000000000
-0.00063730272186642283 -0.00000000000000000000
-0.00045892897987191223 -0.00000000000000000000
-0.00033870082342177504 -0.00000000000000000000
-0.00021518755718206769 -0.00000000000000000000
-0.00017544030192131750 -0.00000000000000000000
-0.00017708714547118027 -0.00000000000000000000
-0.00019652333028362309 -0.00000000000000000000
-0.00017040542086001827 -0.00000000000000000000
-0.00009006175663311985 -0.00000000000000000000
-0.00006865450594693502 -0.00000000000000000000
-0.00006646214547118024 -0.00000000000000000000
-0.00006154048490393414 -0.00000000000000000000
-0.00004146529048490394 -0.00000000000000000000
-0.00002186442131747484 -0.00000000000000000000
-0.00000204628888380604 -0.00000000000000000000
-0.00000000000000000000 -0.00000000000000000000
-0.00000000000000000000 -0.00000000000000000000
-0.00000000000000000000 -0.00000000000000000000
-0.00000000000000000000 -0.00000000000000000000
-0.00000000000000000000 -0.00000000000000000000
-0.00000000000000000000 -0.00000000000000000000
-0.00000000000000000000 -0.00000000000000000000
-0.00000000000000000000 -0.00000000000000000000
-0.00000000000000000000 -0.00000000000000000000
-0.00000000000000000000 -0.00000000000000000000
-0.00000000000000000000 -0.00000000000000000000
-0.00000000000000000000 -0.00000000000000000000
-0.00000000000000000000 -0.00000000000000000000
-0.00000000000000000000 -0.00000000000000000000
-0.00000000000000000000 -0.00000000000000000000
-0.00000000000000000000 -0.00000000000000000000
-0.00000000000000000000 -0.00000000000000000000
-0.00000000000000000000 -0.00000000000000000000
-0.00000000000000000000 -0.00000000000000000000
-0.00000000000000000000 -0.00000000000000000000
-0.00000000000000000000 -0.00000000000000000000
-0.00000000000000000000 -0.00000000000000000000
-0.00000000000000000000 -0.00000000000000000000
-0.00000000000000000000 -0.00000000000000000000
-0.00000000000000000000 -0.00000000000000000000
-0.00000000000000000000 -0.00000000000000000000
-0.00000000000000000000 -0.00000000000000000000
-0.00000000000000000000 -0.00000000000000000000
-0.00000000000000000000 -0.00000000000000000000
-0.00000000000000000000 -0.00000000000000000000
-0.00000000000000000000 -0.00000000000000000000
-0.00000000000000000000 -0.00000000000000000000
-0.00000000000000000000 -0.00000000000000000000
-0.00000000000000000000 -0.00000000000000000000
-0.00000000000000000000 -0.00000000000000000000
-0.00000000000000000000 -0.00000000000000000000
-0.00000000000000000000 -0.00000000000000000000
-0.00000000000000000000 -0.00000000000000000000
-0.00000000000000000000 -0.00000000000000000000
