-0.00000000000000000000 -0.00000000000000000000
-0.00000000000000000000 -0.00000000000000000000
-0.00000000000000000000 -0.00000000000000000000
-0.00000000000000000000 -0.00000000000000000000
-0.00000000000000000000 -0.00000000000000000000
-0.00000000000000000000 -0.00000000000000000000
-0.00000000000000000000 -0.00000000000000000000
-0.00000000000000000000 -0.00000000000000000000
-0.00000000000000000000 -0.00000000000000000000
-0.00000000000000000000 -0.00000000000000000000
-0.00000000000000000000 -0.00000000000000000000
-0.00000000000000000000 -0.00000000000000000000
-0.00000000000000000000 -0.00000000000000000000
-0.00000000000000000000 -0.00000000000000000000
-0.00000000000000000000 -0.00000000000000000000
-0.00000000000000000000 -0.00000000000000000000
-0.00000000000000000000 -0.00000000000000000000
-0.00000000000000000000 -0.00000000000000000000
-0.00000000000000000000 -0.00000000000000000000
-0.00000000000000000000 -0.00000000000000000000
-0.00000000000000000000 -0.00000000000000000000
-0.00000000000000000000 -0.00000000000000000000
-0.00000000000000000000 -0.00000000000000000000
-0.00000000000000000000 -0.00000000000000000000
-0.00000000000000000000 -0.00000000000000000000
-0.00000000000000000000 -0.00000000000000000000
-0.00000000000000000000 -0.00000000000000000000
-0.00000000000000000000 -0.00000000000000000000
-0.00000000000000000000 -0.00000000000000000000
-0.00000000000000000000 -0.00000000000000000000
-0.00000000000000000000 -0.00000000000000000000
-0.00000000000000000000 -0.00000000000000000000
-0.00000000000000000000 -0.00000000000000000000
-0.00000000000000000000 -0.00000000000000000000
-0.00000000000000000000 -0.00000000000000000000
-0.00000000000000000000 -0.00000000000000000000
-0.00000000000000000000 -0.00000000000000000000
-0.00000000000000000000 -0.00000000000000000000
-0.00000000000000000000 -0.00000000000000000000
-0.00000000000000000000 -0.00000000000000000000
-0.00000000000000000000 -0.00000000000000000000
-0.00000000000000000000 -0.00000000000000000000
-0.00000000000000000000 -0.00000000000000000000
-0.00000000000000000000 -0.00000000000000000000
-0.00000000000000000000 -0.00000000000000000000
-0.00000892674872410688 -0.00000000000000000000
-0.00003525968177724409 -0.00000000000000000000
-0.00009614980486340439 -0.00000000000000000000
-0.00021075502851996400 -0.00000000000000000000
-0.00030009006304413088 -0.00000000000000000000
-0.00030238667066946861 -0.00000000000000000000
-0.00028571750225157611 -0.00000000000000000000
-0.00030337736415490850 -0.00000000000000000000
-0.00040097568297808471 -0.00000000000000000000
-0.00055060042029420606 -0.00000000000000000000
-0.00063301561092764930 -0.00000000000000000000
-0.00067327379165415787 -0.00000000000000000000
-0.00075202641849294498 -0.00000000000000000000
-0.00084186430501350946 -0.00000000000000000000
-0.00091166316421495040 -0.00000000000000000000
-0.00096997898528970283 -0.00000000000000000000
-0.00103812668868207762 -0.00000000000000000000
-0.00113456919843890722 -0.00000000000000000000
-0.00126328429900930640 -0.00000000000000000000
-0.00143560492344641248 -0.00000000000000000000
-0.00194190933653557558 -0.00000000000000000000
-0.00276516061242870065 -0.00000000000000000000
-0.00309944461122785980 -0.00000000000000000000
-0.00263104172921044786 -0.00000000000000000000
-0.00313119183428399840 -0.00000000000000000000
-0.00352169018312819019 -0.00000000000000000000
-0.00383721104773341367 -0.00000000000000000000
-0.00582685379765836113 -0.00000000000000000000
-0.00640798558991294027 -0.00000000000000000000
-0.00968928249774842452 -0.00000000000000000000
-0.00781221855298708939 -0.00000000000000000000
-0.00748604022815971184 -0.00000000000000000000
-0.00808916241368958303 -0.00000000000000000000
-0.00658570999699789779 -0.00000000000000000000
-0.00718155208646052180 -0.00000000000000000000
-0.00950465325728009486 -0.00000000000000000000
-0.00906709696787751269 -0.00000000000000000000
-0.00725893125187631206 -0.00000000000000000000
-0.00972906034223956946 -0.00000000000000000000
-0.01150105073551486133 -0.00000000000000000000
-0.01120009006304413350 -0.00000000000000000000
-0.01307039927949565049 -0.00000000000000000000
-0.01430426298408886583 -0.00000000000000000000
-0.01503527469228460069 -0.00000000000000000000
-0.01674046832782948718 -0.00000000000000000000
-0.01628640048033623208 -0.00000000000000000000
-0.01840138096667667811 -0.00000000000000000000
-0.01441158811167817660 -0.00000000000000000000
-0.00579037826478535130 -0.00000000000000000000
-0.01479660762533773280 -0.00000000000000000000
-0.01650405283698589201 -0.00000000000000000000
-0.01671870309216451703 -0.00000000000000000000
-0.01686655658961272800 -0.00000000000000000000
-0.01711272891023717102 -0.00000000000000000000
-0.01751350945661963449 -0.00000000000000000000
-0.01420144100870609528 -0.00000000000000000000
-0.01889672770939657478 -0.00000000000000000000
-0.00891699189432602901 -0.00000000000000000000
-0.00299429600720504344 -0.00000000000000000000
-0.01307865505854098089 -0.00000000000000000000
-0.01983263284299009374 -0.00000000000000000000
-0.02034449114380066162 -0.00000000000000000000
-0.02065220654458120586 -0.00000000000000000000
-0.02098994296007205065 -0.00000000000000000000
-0.02140423296307415735 -0.00000000000000000000
-0.02180876613629540925 -0.00000000000000000000
-0.02214049834884419116 -0.00000000000000000000
-0.02249549684779345374 -0.00000000000000000000
-0.02215700990693485542 -0.00000000000000000000
-0.02359576703692584793 -0.00000000000000000000
-0.02421344941459021086 -0.00000000000000000000
-0.02413764635244671983 -0.00000000000000000000
-0.02290603422395676853 -0.00000000000000000000
-0.02662188531972380437 -0.00000000000000000000
-0.01430126088261783092 -0.00000000000000000000
-0.01880141098769138805 -0.00000000000000000000
-0.02721029720804563415 -0.00000000000000000000
-0.02403782647853497378 -0.00000000000000000000
-0.01635319723806664960 -0.00000000000000000000
-0.01170819573701591294 -0.00000000000000000000
-0.02751501050735514695 -0.00000000000000000000
-0.02485139597718403343 -0.00000000000000000000
-0.01625562894025818841 -0.00000000000000000000
-0.02827229060342239392 -0.00000000000000000000
-0.02587135995196637728 -0.00000000000000000000
-0.02349369558691083784 -0.00000000000000000000
-0.02826253377364155300 -0.00000000000000000000
-0.01915190633443410520 -0.00000000000000000000
-0.00572921044731311904 -0.00000000000000000000
-0.00537316121284899494 -0.00000000000000000000
-0.02227784449114380422 -0.00000000000000000000
-0.02744821374962473984 -0.00000000000000000000
-0.02785499849894926272 -0.00000000000000000000
-0.02863779645752027175 -0.00000000000000000000
-0.02849369558691083881 -0.00000000000000000000
-0.02617006904833383760 -0.00000000000000000000
-0.00722988592014410167 -0.00000000000000000000
-0.01242119483638547128 -0.00000000000000000000
-0.01648679075352746728 -0.00000000000000000000
-0.00995947163014109828 -0.00000000000000000000
-0.01839762833983788620 -0.00000000000000000000
-0.02330606424497148541 -0.00000000000000000000
-0.01109726808766136469 -0.00000000000000000000
-0.01191909336535574952 -0.00000000000000000000
-0.01036025217652356695 -0.00000000000000000000
-0.01357700390273191594 -0.00000000000000000000
-0.01759306514560192783 -0.00000000000000000000
-0.02754953467427198946 -0.00000000000000000000
-0.02407160012008405583 -0.00000000000000000000
-0.01005553887721405242 -0.00000000000000000000
-0.00759756829780846611 -0.00000000000000000000
-0.01668267787451215706 -0.00000000000000000000
-0.02999999999999999889 -0.00000000000000000000
-0.02854998498949264801 -0.00000000000000000000
-0.02694986490543380478 -0.00000000000000000000
-0.02711648153707596140 -0.00000000000000000000
-0.02644851395977183828 -0.00000000000000000000
-0.02870159111377965089 -0.00000000000000000000
-0.02824076853797658632 -0.00000000000000000000
-0.02629390573401380743 -0.00000000000000000000
-0.02007129990993695989 -0.00000000000000000000
-0.02623536475532873072 -0.00000000000000000000
-0.02622936055238667824 -0.00000000000000000000
-0.02524241969378564904 -0.00000000000000000000
-0.02557190033023116690 -0.00000000000000000000
-0.01963899729810867842 -0.00000000000000000000
-0.01572050435304713292 -0.00000000000000000000
-0.02478384869408586239 -0.00000000000000000000
-0.02504277994596217083 -0.00000000000000000000
-0.02245121585109576684 -0.00000000000000000000
-0.02563569498649054604 -0.00000000000000000000
-0.01951065746022215969 -0.00000000000000000000
-0.01845541879315520592 -0.00000000000000000000
-0.01662113479435604890 -0.00000000000000000000
-0.02031071750225157263 -0.00000000000000000000
-0.01947238066646652874 -0.00000000000000000000
-0.00764785349744821503 -0.00000000000000000000
-0.00622463224256979922 -0.00000000000000000000
-0.00604067847493245259 -0.00000000000000000000
-0.00741549084359051196 -0.00000000000000000000
-0.01298033623536475577 -0.00000000000000000000
-0.01994070849594716324 -0.00000000000000000000
-0.01575352746922846145 -0.00000000000000000000
-0.01174647253077153869 -0.00000000000000000000
-0.01066646652656859894 -0.00000000000000000000
-0.01320549384569198216 -0.00000000000000000000
-0.02011633143200240031 -0.00000000000000000000
-0.01885169618733112742 -0.00000000000000000000
-0.01259756829780846708 -0.00000000000000000000
-0.01145151606124286854 -0.00000000000000000000
-0.01241218853197237869 -0.00000000000000000000
-0.01461047733413389435 -0.00000000000000000000
-0.01491969378564995431 -0.00000000000000000000
-0.00910312218552987266 -0.00000000000000000000
-0.01286475532873011460 -0.00000000000000000000
-0.00676576103272290719 -0.00000000000000000000
-0.00801636145301711130 -0.00000000000000000000
-0.00775142599819873823 -0.00000000000000000000
-0.00705013509456619766 -0.00000000000000000000
-0.00570249174422095533 -0.00000000000000000000
-0.00430193635544881374 -0.00000000000000000000
-0.00325570399279495604 -0.00000000000000000000
-0.00266624136895827080 -0.00000000000000000000
-0.00248889222455719004 -0.00000000000000000000
-0.00256124287000900584 -0.00000000000000000000
-0.00281739717802461688 -0.00000000000000000000
-0.00326988892224557232 -0.00000000000000000000
-0.00376178324827379203 -0.00000000000000000000
-0.00426718703092164586 -0.00000000000000000000
-0.00441511558090663513 -0.00000000000000000000
-0.00427867006904833307 -0.00000000000000000000
-0.00543357850495346847 -0.00000000000000000000
-0.00591188832182527792 -0.00000000000000000000
-0.01029120384268988192 -0.00000000000000000000
-0.00873761633143200177 -0.00000000000000000000
-0.00442809966976883719 -0.00000000000000000000
-0.00417734914440107998 -0.00000000000000000000
-0.00252506754728309881 -0.00000000000000000000
-0.00190903632542779953 -0.00000000000000000000
-0.00170406784749324515 -0.00000000000000000000
-0.00198491444010807580 -0.00000000000000000000
-0.00181672170519363557 -0.00000000000000000000
-0.00175765535875112614 -0.00000000000000000000
-0.00203805163614530173 -0.00000000000000000000
-0.00176020714500150100 -0.00000000000000000000
-0.00124924947463224238 -0.00000000000000000000
-0.00095676973881717194 -0.00000000000000000000
-0.00087323626538577000 -0.00000000000000000000
-0.00078519963974782361 -0.00000000000000000000
-0.00063731612128489930 -0.00000000000000000000
-0.00045893875712999107 -0.00000000000000000000
-0.00033870459321525069 -0.00000000000000000000
-0.00021519063344341041 -0.00000000000000000000
-0.00017544280996697684 -0.00000000000000000000
-0.00017709396577604325 -0.00000000000000000000
-0.00019652506754728316 -0.00000000000000000000
-0.00017040678474932456 -0.00000000000000000000
-0.00009006304413089163 -0.00000000000000000000
-0.00006865580906634644 -0.00000000000000000000
-0.00006646277394175925 -0.00000000000000000000
-0.00006154082858000601 -0.00000000000000000000
-0.00004146577604323026 -0.00000000000000000000
-0.00002186505553887721 -0.00000000000000000000
-0.00000204630741519063 -0.00000000000000000000
-0.00000000000000000000 -0.00000000000000000000
-0.00000000000000000000 -0.00000000000000000000
-0.00000000000000000000 -0.00000000000000000000
-0.00000000000000000000 -0.00000000000000000000
-0.00000000000000000000 -0.00000000000000000000
-0.00000000000000000000 -0.00000000000000000000
-0.00000000000000000000 -0.00000000000000000000
-0.00000000000000000000 -0.00000000000000000000
-0.00000000000000000000 -0.00000000000000000000
-0.00000000000000000000 -0.00000000000000000000
-0.00000000000000000000 -0.00000000000000000000
-0.00000000000000000000 -0.00000000000000000000
-0.00000000000000000000 -0.00000000000000000000
-0.00000000000000000000 -0.00000000000000000000
-0.00000000000000000000 -0.00000000000000000000
-0.00000000000000000000 -0.00000000000000000000
-0.00000000000000000000 -0.00000000000000000000
-0.00000000000000000000 -0.00000000000000000000
-0.00000000000000000000 -0.00000000000000000000
-0.00000000000000000000 -0.00000000000000000000
-0.00000000000000000000 -0.00000000000000000000
-0.00000000000000000000 -0.00000000000000000000
-0.00000000000000000000 -0.00000000000000000000
-0.00000000000000000000 -0.00000000000000000000
-0.00000000000000000000 -0.00000000000000000000
-0.00000000000000000000 -0.00000000000000000000
-0.00000000000000000000 -0.00000000000000000000
-0.00000000000000000000 -0.00000000000000000000
-0.00000000000000000000 -0.00000000000000000000
-0.00000000000000000000 -0.00000000000000000000
-0.00000000000000000000 -0.00000000000000000000
-0.00000000000000000000 -0.00000000000000000000
-0.00000000000000000000 -0.00000000000000000000
-0.00000000000000000000 -0.00000000000000000000
-0.00000000000000000000 -0.00000000000000000000
-0.00000000000000000000 -0.00000000000000000000
-0.00000000000000000000 -0.00000000000000000000
-0.00000000000000000000 -0.00000000000000000000
-0.00000000000000000000 -0.00000000000000000000
