-0.00000000000000000000 -0.00000000000000000000
-0.00000000000000000000 -0.00000000000000000000
-0.00000000000000000000 -0.00000000000000000000
-0.00000000000000000000 -0.00000000000000000000
-0.00000000000000000000 -0.00000000000000000000
-0.00000000000000000000 -0.00000000000000000000
-0.00000000000000000000 -0.00000000000000000000
-0.00000000000000000000 -0.00000000000000000000
-0.00000000000000000000 -0.00000000000000000000
-0.00000000000000000000 -0.00000000000000000000
-0.00000000000000000000 -0.00000000000000000000
-0.00000000000000000000 -0.00000000000000000000
-0.00000000000000000000 -0.00000000000000000000
-0.00000000000000000000 -0.00000000000000000000
-0.00000000000000000000 -0.00000000000000000000
-0.00000000000000000000 -0.00000000000000000000
-0.00000000000000000000 -0.00000000000000000000
-0.00000000000000000000 -0.00000000000000000000
-0.00000000000000000000 -0.00000000000000000000
-0.00000000000000000000 -0.00000000000000000000
-0.00000000000000000000 -0.00000000000000000000
-0.00000000000000000000 -0.00000000000000000000
-0.00000000000000000000 -0.00000000000000000000
-0.00000000000000000000 -0.00000000000000000000
-0.00000000000000000000 -0.00000000000000000000
-0.00000000000000000000 -0.00000000000000000000
-0.00000000000000000000 -0.00000000000000000000
-0.00000000000000000000 -0.00000000000000000000
-0.00000000000000000000 -0.00000000000000000000
-0.00000000000000000000 -0.00000000000000000000
-0.00000000000000000000 -0.00000000000000000000
-0.00000000000000000000 -0.00000000000000000000
-0.00000000000000000000 -0.00000000000000000000
-0.00000000000000000000 -0.00000000000000000000
-0.00000000000000000000 -0.00000000000000000000
-0.00000000000000000000 -0.00000000000000000000
-0.00000000000000000000 -0.00000000000000000000
-0.00000000000000000000 -0.00000000000000000000
-0.00000000000000000000 -0.00000000000000000000
-0.00000000000000000000 -0.00000000000000000000
-0.00000000000000000000 -0.00000000000000000000
-0.00000000000000000000 -0.00000000000000000000
-0.00000000000000000000 -0.00000000000000000000
-0.00000000000000000000 -0.00000000000000000000
-0.00000000000000000000 -0.00000000000000000000
-0.00000892659861903332 -0.00000000000000000000
-0.00003525968177724409 -0.00000000000000000000
-0.00009614830381266889 -0.00000000000000000000
-0.00021076253377364155 -0.00000000000000000000
-0.00030009006304413088 -0.00000000000000000000
-0.00030238667066946861 -0.00000000000000000000
-0.00028570999699789850 -0.00000000000000000000
-0.00030337736415490850 -0.00000000000000000000
-0.00040097568297808471 -0.00000000000000000000
-0.00055060042029420606 -0.00000000000000000000
-0.00063300810567397186 -0.00000000000000000000
-0.00067328129690783563 -0.00000000000000000000
-0.00075201140798558989 -0.00000000000000000000
-0.00084186430501350946 -0.00000000000000000000
-0.00091169318522966081 -0.00000000000000000000
-0.00096994896427499242 -0.00000000000000000000
-0.00103809666766736699 -0.00000000000000000000
-0.00113458420894626253 -0.00000000000000000000
-0.00126328429900930640 -0.00000000000000000000
-0.00143561993395376736 -0.00000000000000000000
-0.00194190933653557558 -0.00000000000000000000
-0.00276508555989192365 -0.00000000000000000000
-0.00309951966376463594 -0.00000000000000000000
-0.00263104172921044786 -0.00000000000000000000
-0.00313119183428399840 -0.00000000000000000000
-0.00352176523566496546 -0.00000000000000000000
-0.00383728610027018980 -0.00000000000000000000
-0.00582692885019513683 -0.00000000000000000000
-0.00640798558991294027 -0.00000000000000000000
-0.00968958270789552732 -0.00000000000000000000
-0.00781221855298708939 -0.00000000000000000000
-0.00748604022815971184 -0.00000000000000000000
-0.00808886220354248196 -0.00000000000000000000
-0.00658570999699789779 -0.00000000000000000000
-0.00718147703392374784 -0.00000000000000000000
-0.00950435304713299206 -0.00000000000000000000
-0.00906739717802461723 -0.00000000000000000000
-0.00725893125187631206 -0.00000000000000000000
-0.00972891023716601633 -0.00000000000000000000
-0.01150105073551486133 -0.00000000000000000000
-0.01119978985289702723 -0.00000000000000000000
-0.01307069948964274808 -0.00000000000000000000
-0.01430426298408886583 -0.00000000000000000000
-0.01503602521765235941 -0.00000000000000000000
-0.01674121885319723030 -0.00000000000000000000
-0.01628640048033623208 -0.00000000000000000000
-0.01840138096667667811 -0.00000000000000000000
-0.01441128790153107207 -0.00000000000000000000
-0.00579030321224857474 -0.00000000000000000000
-0.01479675773041128593 -0.00000000000000000000
-0.01650405283698589201 -0.00000000000000000000
-0.01671870309216451703 -0.00000000000000000000
-0.01686580606424497100 -0.00000000000000000000
-0.01711347943560492454 -0.00000000000000000000
-0.01751425998198739495 -0.00000000000000000000
-0.01420159111377964495 -0.00000000000000000000
-0.01889672770939657478 -0.00000000000000000000
-0.00891669168417892795 -0.00000000000000000000
-0.00299429600720504344 -0.00000000000000000000
-0.01307850495346742775 -0.00000000000000000000
-0.01983188231762233328 -0.00000000000000000000
-0.02034524166916841514 -0.00000000000000000000
-0.02065145601921344887 -0.00000000000000000000
-0.02098919243470429713 -0.00000000000000000000
-0.02140348243770639342 -0.00000000000000000000
-0.02180876613629540925 -0.00000000000000000000
-0.02214049834884419116 -0.00000000000000000000
-0.02249474632242569327 -0.00000000000000000000
-0.02215700990693485542 -0.00000000000000000000
-0.02359651756229360839 -0.00000000000000000000
-0.02421344941459021086 -0.00000000000000000000
-0.02413839687781446988 -0.00000000000000000000
-0.02290603422395676853 -0.00000000000000000000
-0.02662113479435604738 -0.00000000000000000000
-0.01430156109276493545 -0.00000000000000000000
-0.01880066046232362412 -0.00000000000000000000
-0.02721104773341339114 -0.00000000000000000000
-0.02403782647853497378 -0.00000000000000000000
-0.01635244671269889261 -0.00000000000000000000
-0.01170849594716301748 -0.00000000000000000000
-0.02751425998198740036 -0.00000000000000000000
-0.02485139597718403343 -0.00000000000000000000
-0.01625487841489042448 -0.00000000000000000000
-0.02827229060342239392 -0.00000000000000000000
-0.02587211047733412733 -0.00000000000000000000
-0.02349444611227859483 -0.00000000000000000000
-0.02826328429900931000 -0.00000000000000000000
-0.01915190633443410520 -0.00000000000000000000
-0.00572921044731311904 -0.00000000000000000000
-0.00537316121284899494 -0.00000000000000000000
-0.02227859501651155774 -0.00000000000000000000
-0.02744821374962473984 -0.00000000000000000000
-0.02785499849894926272 -0.00000000000000000000
-0.02863704593215251129 -0.00000000000000000000
-0.02849294506154307835 -0.00000000000000000000
-0.02617081957370159112 -0.00000000000000000000
-0.00722996097268087737 -0.00000000000000000000
-0.01242089462623836849 -0.00000000000000000000
-0.01648604022815971376 -0.00000000000000000000
-0.00995932152506754514 -0.00000000000000000000
-0.01839687781447012921 -0.00000000000000000000
-0.02330681477033923546 -0.00000000000000000000
-0.01109756829780846749 -0.00000000000000000000
-0.01191879315520864673 -0.00000000000000000000
-0.01036025217652356695 -0.00000000000000000000
-0.01357730411287901701 -0.00000000000000000000
-0.01759381567096967788 -0.00000000000000000000
-0.02754878414890422900 -0.00000000000000000000
-0.02407235064545181630 -0.00000000000000000000
-0.01005583908736115521 -0.00000000000000000000
-0.00759726808766136331 -0.00000000000000000000
-0.01668267787451215706 -0.00000000000000000000
-0.02999999999999999889 -0.00000000000000000000
-0.02854998498949264801 -0.00000000000000000000
-0.02694986490543380478 -0.00000000000000000000
-0.02711648153707596140 -0.00000000000000000000
-0.02644851395977183828 -0.00000000000000000000
-0.02870159111377965089 -0.00000000000000000000
-0.02824076853797658632 -0.00000000000000000000
-0.02629390573401380743 -0.00000000000000000000
-0.02007205043530471342 -0.00000000000000000000
-0.02623536475532873072 -0.00000000000000000000
-0.02622936055238667824 -0.00000000000000000000
-0.02524166916841789204 -0.00000000000000000000
-0.02557190033023116690 -0.00000000000000000000
-0.01963824677274092143 -0.00000000000000000000
-0.01572050435304713292 -0.00000000000000000000
-0.02478384869408586239 -0.00000000000000000000
-0.02504202942059441730 -0.00000000000000000000
-0.02245121585109576684 -0.00000000000000000000
-0.02563644551185830303 -0.00000000000000000000
-0.01951065746022215969 -0.00000000000000000000
-0.01845541879315520592 -0.00000000000000000000
-0.01662113479435604890 -0.00000000000000000000
-0.02031071750225157263 -0.00000000000000000000
-0.01947313119183428226 -0.00000000000000000000
-0.00764800360252176643 -0.00000000000000000000
-0.00622470729510657145 -0.00000000000000000000
-0.00604067847493245259 -0.00000000000000000000
-0.00741549084359051196 -0.00000000000000000000
-0.01298048634043830543 -0.00000000000000000000
-0.01993995797057940625 -0.00000000000000000000
-0.01575352746922846145 -0.00000000000000000000
-0.01174662263584509009 -0.00000000000000000000
-0.01066661663164215207 -0.00000000000000000000
-0.01320519363554488283 -0.00000000000000000000
-0.02011708195737016078 -0.00000000000000000000
-0.01885169618733112742 -0.00000000000000000000
-0.01259771840288201848 -0.00000000000000000000
-0.01145136595616931367 -0.00000000000000000000
-0.01241203842689883076 -0.00000000000000000000
-0.01461062743920744401 -0.00000000000000000000
-0.01491999399579705537 -0.00000000000000000000
-0.00910282197538276640 -0.00000000000000000000
-0.01286490543380366426 -0.00000000000000000000
-0.00676568598018613063 -0.00000000000000000000
-0.00801651155809066443 -0.00000000000000000000
-0.00775157610327229137 -0.00000000000000000000
-0.00705013509456619766 -0.00000000000000000000
-0.00570249174422095533 -0.00000000000000000000
-0.00430201140798559117 -0.00000000000000000000
-0.00325577904533173304 -0.00000000000000000000
-0.00266631642149504607 -0.00000000000000000000
-0.00248889222455719004 -0.00000000000000000000
-0.00256124287000900584 -0.00000000000000000000
-0.00281747223056139301 -0.00000000000000000000
-0.00326988892224557232 -0.00000000000000000000
-0.00376178324827379203 -0.00000000000000000000
-0.00426718703092164586 -0.00000000000000000000
-0.00441519063344341170 -0.00000000000000000000
-0.00427859501651155910 -0.00000000000000000000
-0.00543350345241669277 -0.00000000000000000000
-0.00591188832182527792 -0.00000000000000000000
-0.01029105373761633052 -0.00000000000000000000
-0.00873746622635845210 -0.00000000000000000000
-0.00442809966976883719 -0.00000000000000000000
-0.00417742419693785654 -0.00000000000000000000
-0.00252506754728309881 -0.00000000000000000000
-0.00190903632542779953 -0.00000000000000000000
-0.00170414290003002107 -0.00000000000000000000
-0.00198498949264485150 -0.00000000000000000000
-0.00181672170519363557 -0.00000000000000000000
-0.00175773041128790162 -0.00000000000000000000
-0.00203797658360852603 -0.00000000000000000000
-0.00176028219753827670 -0.00000000000000000000
-0.00124921945361753241 -0.00000000000000000000
-0.00095678474932452714 -0.00000000000000000000
-0.00087323626538577000 -0.00000000000000000000
-0.00078522966076253380 -0.00000000000000000000
-0.00063731612128489930 -0.00000000000000000000
-0.00045893125187631352 -0.00000000000000000000
-0.00033871209846892829 -0.00000000000000000000
-0.00021519063344341041 -0.00000000000000000000
-0.00017544280996697684 -0.00000000000000000000
-0.00017709396577604325 -0.00000000000000000000
-0.00019653257280096071 -0.00000000000000000000
-0.00017041429000300213 -0.00000000000000000000
-0.00009006004202942061 -0.00000000000000000000
-0.00006865505854097866 -0.00000000000000000000
-0.00006646202341639145 -0.00000000000000000000
-0.00006154157910537376 -0.00000000000000000000
-0.00004146502551786251 -0.00000000000000000000
-0.00002186430501350945 -0.00000000000000000000
-0.00000204623236265386 -0.00000000000000000000
-0.00000000000000000000 -0.00000000000000000000
-0.00000000000000000000 -0.00000000000000000000
-0.00000000000000000000 -0.00000000000000000000
-0.00000000000000000000 -0.00000000000000000000
-0.00000000000000000000 -0.00000000000000000000
-0.00000000000000000000 -0.00000000000000000000
-0.00000000000000000000 -0.00000000000000000000
-0.00000000000000000000 -0.00000000000000000000
-0.00000000000000000000 -0.00000000000000000000
-0.00000000000000000000 -0.00000000000000000000
-0.00000000000000000000 -0.00000000000000000000
-0.00000000000000000000 -0.00000000000000000000
-0.00000000000000000000 -0.00000000000000000000
-0.00000000000000000000 -0.00000000000000000000
-0.00000000000000000000 -0.00000000000000000000
-0.00000000000000000000 -0.00000000000000000000
-0.00000000000000000000 -0.00000000000000000000
-0.00000000000000000000 -0.00000000000000000000
-0.00000000000000000000 -0.00000000000000000000
-0.00000000000000000000 -0.00000000000000000000
-0.00000000000000000000 -0.00000000000000000000
-0.00000000000000000000 -0.00000000000000000000
-0.00000000000000000000 -0.00000000000000000000
-0.00000000000000000000 -0.00000000000000000000
-0.00000000000000000000 -0.00000000000000000000
-0.00000000000000000000 -0.00000000000000000000
-0.00000000000000000000 -0.00000000000000000000
-0.00000000000000000000 -0.00000000000000000000
-0.00000000000000000000 -0.00000000000000000000
-0.00000000000000000000 -0.00000000000000000000
-0.00000000000000000000 -0.00000000000000000000
-0.00000000000000000000 -0.00000000000000000000
-0.00000000000000000000 -0.00000000000000000000
-0.00000000000000000000 -0.00000000000000000000
-0.00000000000000000000 -0.00000000000000000000
-0.00000000000000000000 -0.00000000000000000000
-0.00000000000000000000 -0.00000000000000000000
-0.00000000000000000000 -0.00000000000000000000
-0.00000000000000000000 -0.00000000000000000000
